CAST 10-2/DOA 2 AIRFOIL
 180.00000  10.00000   1.00000   0.00000   1.00000   1.00000   1.00000   2.00000 
251
    0.000009   -0.000444
    0.000009    0.000476
    0.000083    0.001411
    0.000230    0.002359
    0.000450    0.003318
    0.000743    0.004283
    0.001109    0.005252
    0.001548    0.006224
    0.002061    0.007197
    0.002648    0.008171
    0.003308    0.009144
    0.004041    0.010115
    0.004847    0.011085
    0.005725    0.012053
    0.006674    0.013019
    0.007695    0.013982
    0.008786    0.014943
    0.009948    0.015904
    0.011183    0.016865
    0.012490    0.017828
    0.013870    0.018795
    0.015323    0.019765
    0.016847    0.020738
    0.018443    0.021714
    0.020108    0.022693
    0.021844    0.023673
    0.023649    0.024654
    0.025523    0.025634
    0.027465    0.026612
    0.029476    0.027587
    0.031556    0.028559
    0.033705    0.029527
    0.035925    0.030489
    0.038213    0.031446
    0.040570    0.032394
    0.042992    0.033334
    0.045480    0.034264
    0.048032    0.035183
    0.050646    0.036090
    0.053325    0.036986
    0.056067    0.037870
    0.058874    0.038742
    0.061747    0.039602
    0.064685    0.040450
    0.067690    0.041286
    0.070760    0.042109
    0.073893    0.042920
    0.077088    0.043718
    0.080345    0.044503
    0.083661    0.045275
    0.087035    0.046033
    0.090467    0.046777
    0.093955    0.047507
    0.097500    0.048224
    0.101102    0.048928
    0.104762    0.049619
    0.108478    0.050297
    0.112251    0.050963
    0.116082    0.051616
    0.119969    0.052257
    0.123912    0.052886
    0.127910    0.053503
    0.131962    0.054108
    0.136066    0.054701
    0.140223    0.055282
    0.144430    0.055851
    0.148687    0.056409
    0.152993    0.056956
    0.157348    0.057490
    0.161749    0.058014
    0.166197    0.058526
    0.170692    0.059027
    0.175233    0.059517
    0.179818    0.059996
    0.184449    0.060464
    0.189123    0.060922
    0.193841    0.061370
    0.198602    0.061807
    0.203406    0.062235
    0.208252    0.062652
    0.213139    0.063059
    0.218067    0.063457
    0.223035    0.063845
    0.228042    0.064223
    0.233086    0.064592
    0.238168    0.064952
    0.243284    0.065302
    0.248436    0.065643
    0.253620    0.065974
    0.258837    0.066297
    0.264085    0.066610
    0.269364    0.066914
    0.274671    0.067209
    0.280006    0.067495
    0.285369    0.067772
    0.290759    0.068041
    0.296175    0.068300
    0.301617    0.068551
    0.307084    0.068793
    0.312577    0.069026
    0.318094    0.069250
    0.323635    0.069466
    0.329199    0.069674
    0.334786    0.069873
    0.340396    0.070063
    0.346027    0.070245
    0.351677    0.070418
    0.357346    0.070583
    0.363033    0.070739
    0.368736    0.070886
    0.374453    0.071025
    0.380185    0.071155
    0.385929    0.071275
    0.391684    0.071387
    0.397450    0.071490
    0.403224    0.071584
    0.409007    0.071669
    0.414798    0.071744
    0.420596    0.071810
    0.426400    0.071867
    0.432210    0.071914
    0.438026    0.071951
    0.443845    0.071978
    0.449669    0.071996
    0.455495    0.072003
    0.461323    0.072000
    0.467153    0.071987
    0.472982    0.071964
    0.478810    0.071929
    0.484635    0.071884
    0.490457    0.071828
    0.496274    0.071760
    0.502084    0.071681
    0.507888    0.071590
    0.513682    0.071487
    0.519467    0.071372
    0.525242    0.071245
    0.531006    0.071105
    0.536759    0.070953
    0.542499    0.070787
    0.548227    0.070609
    0.553942    0.070416
    0.559644    0.070211
    0.565331    0.069991
    0.571003    0.069757
    0.576660    0.069509
    0.582300    0.069247
    0.587924    0.068970
    0.593530    0.068679
    0.599117    0.068373
    0.604684    0.068052
    0.610231    0.067716
    0.615756    0.067366
    0.621259    0.067001
    0.626738    0.066621
    0.632194    0.066226
    0.637624    0.065816
    0.643029    0.065391
    0.648407    0.064952
    0.653758    0.064498
    0.659083    0.064030
    0.664380    0.063547
    0.669649    0.063051
    0.674889    0.062541
    0.680100    0.062018
    0.685282    0.061481
    0.690434    0.060931
    0.695555    0.060369
    0.700646    0.059793
    0.705705    0.059206
    0.710733    0.058606
    0.715728    0.057995
    0.720692    0.057372
    0.725622    0.056739
    0.730520    0.056095
    0.735384    0.055441
    0.740214    0.054777
    0.745010    0.054104
    0.749772    0.053421
    0.754498    0.052730
    0.759190    0.052031
    0.763846    0.051323
    0.768466    0.050607
    0.773051    0.049885
    0.777599    0.049156
    0.782112    0.048420
    0.786589    0.047678
    0.791030    0.046930
    0.795434    0.046177
    0.799801    0.045419
    0.804133    0.044657
    0.808427    0.043890
    0.812684    0.043120
    0.816904    0.042346
    0.821088    0.041570
    0.825234    0.040790
    0.829343    0.040009
    0.833416    0.039225
    0.837452    0.038440
    0.841451    0.037653
    0.845413    0.036866
    0.849339    0.036078
    0.853229    0.035289
    0.857082    0.034501
    0.860898    0.033714
    0.864679    0.032927
    0.868423    0.032141
    0.872131    0.031357
    0.875803    0.030575
    0.879440    0.029795
    0.883040    0.029017
    0.886605    0.028242
    0.890135    0.027470
    0.893629    0.026701
    0.897089    0.025936
    0.900515    0.025174
    0.903906    0.024416
    0.907262    0.023663
    0.910585    0.022914
    0.913874    0.022170
    0.917130    0.021431
    0.920352    0.020697
    0.923541    0.019968
    0.926697    0.019246
    0.929821    0.018529
    0.932911    0.017818
    0.935969    0.017114
    0.938993    0.016417
    0.941986    0.015726
    0.944945    0.015042
    0.947872    0.014365
    0.950767    0.013696
    0.953629    0.013034
    0.956459    0.012380
    0.959258    0.011734
    0.962025    0.011095
    0.964762    0.010465
    0.967467    0.009842
    0.970143    0.009227
    0.972788    0.008621
    0.975404    0.008022
    0.977990    0.007432
    0.980547    0.006850
    0.983076    0.006277
    0.985576    0.005712
    0.988048    0.005155
    0.990493    0.004608
    0.992910    0.004069
    0.995300    0.003538
    0.997663    0.003017
    1.000000    0.002504
250
    0.000009   -0.000444
    0.000081   -0.001345
    0.000227   -0.002226
    0.000447   -0.003083
    0.000740   -0.003916
    0.001107   -0.004722
    0.001549   -0.005497
    0.002064   -0.006242
    0.002651   -0.006952
    0.003310   -0.007627
    0.004041   -0.008267
    0.004845   -0.008874
    0.005720   -0.009450
    0.006669   -0.009997
    0.007691   -0.010516
    0.008786   -0.011009
    0.009954   -0.011479
    0.011193   -0.011928
    0.012503   -0.012360
    0.013882   -0.012777
    0.015331   -0.013183
    0.016851   -0.013580
    0.018441   -0.013974
    0.020104   -0.014366
    0.021837   -0.014758
    0.023641   -0.015152
    0.025514   -0.015548
    0.027456   -0.015947
    0.029466   -0.016349
    0.031546   -0.016756
    0.033694   -0.017167
    0.035912   -0.017582
    0.038198   -0.018002
    0.040553   -0.018426
    0.042975   -0.018854
    0.045464   -0.019286
    0.048020   -0.019721
    0.050641   -0.020158
    0.053328   -0.020598
    0.056078   -0.021041
    0.058892   -0.021485
    0.061770   -0.021930
    0.064709   -0.022377
    0.067711   -0.022825
    0.070774   -0.023274
    0.073899   -0.023723
    0.077085   -0.024174
    0.080333   -0.024625
    0.083642   -0.025076
    0.087013   -0.025528
    0.090445   -0.025981
    0.093938   -0.026434
    0.097490   -0.026887
    0.101100   -0.027340
    0.104768   -0.027794
    0.108492   -0.028247
    0.112271   -0.028701
    0.116103   -0.029154
    0.119989   -0.029606
    0.123927   -0.030059
    0.127918   -0.030511
    0.131960   -0.030962
    0.136055   -0.031414
    0.140202   -0.031864
    0.144399   -0.032315
    0.148649   -0.032765
    0.152949   -0.033215
    0.157300   -0.033664
    0.161701   -0.034112
    0.166152   -0.034560
    0.170651   -0.035007
    0.175197   -0.035453
    0.179789   -0.035897
    0.184427   -0.036340
    0.189109   -0.036782
    0.193834   -0.037221
    0.198602   -0.037659
    0.203411   -0.038094
    0.208260   -0.038526
    0.213149   -0.038956
    0.218076   -0.039384
    0.223040   -0.039808
    0.228041   -0.040228
    0.233079   -0.040645
    0.238152   -0.041058
    0.243260   -0.041466
    0.248403   -0.041870
    0.253580   -0.042268
    0.258789   -0.042661
    0.264032   -0.043049
    0.269306   -0.043430
    0.274612   -0.043805
    0.279949   -0.044173
    0.285315   -0.044534
    0.290711   -0.044887
    0.296134   -0.045232
    0.301585   -0.045567
    0.307062   -0.045894
    0.312564   -0.046210
    0.318090   -0.046516
    0.323640   -0.046810
    0.329213   -0.047093
    0.334807   -0.047363
    0.340421   -0.047620
    0.346055   -0.047864
    0.351707   -0.048094
    0.357377   -0.048310
    0.363064   -0.048510
    0.368766   -0.048695
    0.374483   -0.048864
    0.380213   -0.049016
    0.385956   -0.049152
    0.391709   -0.049269
    0.397474   -0.049369
    0.403248   -0.049449
    0.409031   -0.049511
    0.414822   -0.049554
    0.420620   -0.049578
    0.426424   -0.049582
    0.432233   -0.049567
    0.438048   -0.049531
    0.443866   -0.049475
    0.449688   -0.049399
    0.455512   -0.049302
    0.461338   -0.049184
    0.467164   -0.049045
    0.472990   -0.048886
    0.478814   -0.048707
    0.484636   -0.048507
    0.490454   -0.048287
    0.496268   -0.048048
    0.502076   -0.047790
    0.507878   -0.047512
    0.513672   -0.047214
    0.519458   -0.046899
    0.525234   -0.046564
    0.531000   -0.046212
    0.536755   -0.045843
    0.542499   -0.045456
    0.548230   -0.045054
    0.553948   -0.044636
    0.559653   -0.044203
    0.565343   -0.043755
    0.571018   -0.043293
    0.576678   -0.042818
    0.582321   -0.042331
    0.587946   -0.041831
    0.593553   -0.041320
    0.599140   -0.040798
    0.604708   -0.040266
    0.610254   -0.039725
    0.615779   -0.039177
    0.621280   -0.038620
    0.626759   -0.038056
    0.632212   -0.037487
    0.637640   -0.036912
    0.643042   -0.036332
    0.648418   -0.035748
    0.653767   -0.035161
    0.659088   -0.034570
    0.664382   -0.033977
    0.669648   -0.033382
    0.674886   -0.032785
    0.680095   -0.032188
    0.685275   -0.031590
    0.690425   -0.030992
    0.695546   -0.030395
    0.700636   -0.029800
    0.705696   -0.029206
    0.710724   -0.028614
    0.715721   -0.028024
    0.720686   -0.027437
    0.725618   -0.026853
    0.730517   -0.026273
    0.735383   -0.025696
    0.740214   -0.025124
    0.745012   -0.024556
    0.749773   -0.023993
    0.754500   -0.023436
    0.759191   -0.022884
    0.763845   -0.022338
    0.768464   -0.021799
    0.773047   -0.021265
    0.777593   -0.020738
    0.782103   -0.020218
    0.786577   -0.019704
    0.791015   -0.019198
    0.795417   -0.018698
    0.799782   -0.018206
    0.804111   -0.017721
    0.808404   -0.017244
    0.812661   -0.016775
    0.816882   -0.016313
    0.821066   -0.015860
    0.825213   -0.015415
    0.829325   -0.014978
    0.833400   -0.014549
    0.837439   -0.014129
    0.841441   -0.013716
    0.845407   -0.013312
    0.849337   -0.012917
    0.853230   -0.012530
    0.857088   -0.012151
    0.860908   -0.011781
    0.864693   -0.011419
    0.868441   -0.011066
    0.872153   -0.010721
    0.875829   -0.010385
    0.879468   -0.010058
    0.883071   -0.009739
    0.886638   -0.009429
    0.890170   -0.009127
    0.893666   -0.008834
    0.897126   -0.008548
    0.900552   -0.008271
    0.903942   -0.008001
    0.907297   -0.007740
    0.910618   -0.007486
    0.913904   -0.007240
    0.917156   -0.007002
    0.920374   -0.006771
    0.923558   -0.006547
    0.926708   -0.006331
    0.929825   -0.006121
    0.932909   -0.005919
    0.935960   -0.005723
    0.938979   -0.005534
    0.941965   -0.005351
    0.944920   -0.005175
    0.947843   -0.005004
    0.950735   -0.004839
    0.953596   -0.004680
    0.956426   -0.004527
    0.959226   -0.004378
    0.961995   -0.004235
    0.964734   -0.004096
    0.967443   -0.003961
    0.970122   -0.003831
    0.972771   -0.003704
    0.975391   -0.003581
    0.977981   -0.003462
    0.980542   -0.003345
    0.983074   -0.003232
    0.985577   -0.003121
    0.988052   -0.003012
    0.990498   -0.002905
    0.992915   -0.002800
    0.995305   -0.002697
    0.997666   -0.002595
    1.000000   -0.002494
100
    0.000000
    0.000252
    0.001007
    0.002264
    0.004023
    0.006281
    0.009036
    0.012285
    0.016026
    0.020254
    0.024964
    0.030154
    0.035816
    0.041946
    0.048537
    0.055582
    0.063075
    0.071008
    0.079373
    0.088162
    0.097365
    0.106973
    0.116978
    0.127368
    0.138133
    0.149263
    0.160745
    0.172570
    0.184724
    0.197195
    0.209972
    0.223040
    0.236387
    0.250000
    0.263864
    0.277967
    0.292292
    0.306827
    0.321557
    0.336466
    0.351540
    0.366763
    0.382121
    0.397597
    0.413176
    0.428843
    0.444581
    0.460375
    0.476209
    0.492067
    0.507933
    0.523791
    0.539625
    0.555419
    0.571157
    0.586824
    0.602403
    0.617879
    0.633237
    0.648460
    0.663534
    0.678443
    0.693173
    0.707708
    0.722033
    0.736136
    0.750000
    0.763613
    0.776960
    0.790028
    0.802805
    0.815276
    0.827430
    0.839255
    0.850737
    0.861867
    0.872632
    0.883022
    0.893027
    0.902635
    0.911838
    0.920627
    0.928992
    0.936925
    0.944418
    0.951463
    0.958054
    0.964184
    0.969846
    0.975036
    0.979746
    0.983974
    0.987715
    0.990964
    0.993719
    0.995977
    0.997736
    0.998993
    0.999748
    1.000000 
  1.         
