CAST 10-2/DOA 2 AIRFOIL
 180.00000  10.00000   1.00000   0.00000   1.00000   1.00000   1.00000   2.00000 
29
    0.000000    0.000000
    0.000829    0.004613
    0.002476    0.008039
    0.007389    0.013715
    0.012329    0.017592
    0.017280    0.020768
    0.024714    0.025084
    0.034638    0.030037
    0.047060    0.035129
    0.064474    0.040698
    0.086887    0.046344
    0.114307    0.051566
    0.154220    0.057282
    0.214128    0.063305
    0.274066    0.067328
    0.334027    0.069952
    0.393902    0.071574
    0.453894    0.072198
    0.513902    0.071722
    0.573929    0.069947
    0.633981    0.066671
    0.694066    0.061196
    0.754188    0.053321
    0.814348    0.042946
    0.874538    0.030672
    0.919693    0.020666
    0.949797    0.013929
    0.977394    0.007653
    1.000000    0.002500
29
    0.000000    0.000000
    0.001177   -0.004982
    0.002710   -0.007159
    0.007763   -0.010582
    0.012790   -0.012304
    0.017810   -0.013627
    0.025334   -0.015212
    0.035366   -0.017257
    0.047903   -0.019665
    0.065447   -0.022495
    0.087999   -0.025848
    0.115553   -0.029324
    0.155621   -0.033707
    0.215707   -0.039282
    0.275778   -0.043858
    0.335833   -0.047334
    0.395765   -0.049411
    0.455769   -0.049587
    0.515737   -0.047463
    0.575671   -0.043139
    0.635579   -0.037116
    0.695473   -0.030193
    0.755364   -0.023070
    0.815261   -0.016347
    0.875172   -0.010523
    0.920116   -0.006831
    0.950086   -0.004869
    0.977563   -0.003346
    1.000000   -0.002499
100
    0.000000
    0.000252
    0.001007
    0.002264
    0.004023
    0.006281
    0.009036
    0.012285
    0.016026
    0.020254
    0.024964
    0.030154
    0.035816
    0.041946
    0.048537
    0.055582
    0.063075
    0.071008
    0.079373
    0.088162
    0.097365
    0.106973
    0.116978
    0.127368
    0.138133
    0.149263
    0.160745
    0.172570
    0.184724
    0.197195
    0.209972
    0.223040
    0.236387
    0.250000
    0.263864
    0.277967
    0.292292
    0.306827
    0.321557
    0.336466
    0.351540
    0.366763
    0.382121
    0.397597
    0.413176
    0.428843
    0.444581
    0.460375
    0.476209
    0.492067
    0.507933
    0.523791
    0.539625
    0.555419
    0.571157
    0.586824
    0.602403
    0.617879
    0.633237
    0.648460
    0.663534
    0.678443
    0.693173
    0.707708
    0.722033
    0.736136
    0.750000
    0.763613
    0.776960
    0.790028
    0.802805
    0.815276
    0.827430
    0.839255
    0.850737
    0.861867
    0.872632
    0.883022
    0.893027
    0.902635
    0.911838
    0.920627
    0.928992
    0.936925
    0.944418
    0.951463
    0.958054
    0.964184
    0.969846
    0.975036
    0.979746
    0.983974
    0.987715
    0.990964
    0.993719
    0.995977
    0.997736
    0.998993
    0.999748
    1.000000 
  1.         
