NACA 0012 AIRFOILS
  80.00000  10.00000   1.00000   0.00000   1.00000   1.00000   1.00000   2.00000 
66
    0.000000    0.000000
    0.000584    0.004260
    0.002334    0.008429
    0.005247    0.012501
    0.009315    0.016471
    0.014529    0.020330
    0.020877    0.024071
    0.028344    0.027683
    0.036913    0.031156
    0.046563    0.034479
    0.057272    0.037641
    0.069015    0.040631
    0.081765    0.043437
    0.095492    0.046049
    0.110163    0.048457
    0.125745    0.050651
    0.142201    0.052625
    0.159492    0.054372
    0.177579    0.055886
    0.196419    0.057164
    0.215968    0.058205
    0.236180    0.059008
    0.257008    0.059576
    0.278404    0.059910
    0.300318    0.060017
    0.322698    0.059903
    0.345492    0.059575
    0.368646    0.059042
    0.392108    0.058314
    0.415822    0.057403
    0.439732    0.056320
    0.463783    0.055077
    0.487918    0.053687
    0.512082    0.052162
    0.536217    0.050516
    0.560268    0.048762
    0.584179    0.046912
    0.607892    0.044980
    0.631354    0.042978
    0.654509    0.040917
    0.677303    0.038811
    0.699682    0.036670
    0.721596    0.034506
    0.742992    0.032329
    0.763820    0.030152
    0.784032    0.027983
    0.803581    0.025834
    0.822421    0.023714
    0.840508    0.021635
    0.857800    0.019605
    0.874255    0.017635
    0.889837    0.015735
    0.904509    0.013914
    0.918235    0.012182
    0.930985    0.010549
    0.942728    0.009022
    0.953437    0.007611
    0.963087    0.006324
    0.971656    0.005169
    0.979123    0.004152
    0.985471    0.003280
    0.990685    0.002560
    0.994753    0.001994
    0.997666    0.001587
    0.999416    0.001342
    1.000000    0.001260
66
    0.000000    0.000000
    0.000584   -0.004260
    0.002334   -0.008429
    0.005247   -0.012501
    0.009315   -0.016471
    0.014529   -0.020330
    0.020877   -0.024071
    0.028344   -0.027683
    0.036913   -0.031156
    0.046563   -0.034479
    0.057272   -0.037641
    0.069015   -0.040631
    0.081765   -0.043437
    0.095492   -0.046049
    0.110163   -0.048457
    0.125745   -0.050651
    0.142201   -0.052625
    0.159492   -0.054372
    0.177579   -0.055886
    0.196419   -0.057164
    0.215968   -0.058205
    0.236180   -0.059008
    0.257008   -0.059576
    0.278404   -0.059910
    0.300318   -0.060017
    0.322698   -0.059903
    0.345492   -0.059575
    0.368646   -0.059042
    0.392108   -0.058314
    0.415822   -0.057403
    0.439732   -0.056320
    0.463783   -0.055077
    0.487918   -0.053687
    0.512082   -0.052162
    0.536217   -0.050516
    0.560268   -0.048762
    0.584179   -0.046912
    0.607892   -0.044980
    0.631354   -0.042978
    0.654509   -0.040917
    0.677303   -0.038811
    0.699682   -0.036670
    0.721596   -0.034506
    0.742992   -0.032329
    0.763820   -0.030152
    0.784032   -0.027983
    0.803581   -0.025834
    0.822421   -0.023714
    0.840508   -0.021635
    0.857800   -0.019605
    0.874255   -0.017635
    0.889837   -0.015735
    0.904509   -0.013914
    0.918235   -0.012182
    0.930985   -0.010549
    0.942728   -0.009022
    0.953437   -0.007611
    0.963087   -0.006324
    0.971656   -0.005169
    0.979123   -0.004152
    0.985471   -0.003280
    0.990685   -0.002560
    0.994753   -0.001994
    0.997666   -0.001587
    0.999416   -0.001342
    1.000000   -0.001260
100
    0.000000
    0.000252
    0.001007
    0.002264
    0.004023
    0.006281
    0.009036
    0.012285
    0.016026
    0.020254
    0.024964
    0.030154
    0.035816
    0.041946
    0.048537
    0.055582
    0.063075
    0.071008
    0.079373
    0.088162
    0.097365
    0.106973
    0.116978
    0.127368
    0.138133
    0.149263
    0.160745
    0.172570
    0.184724
    0.197195
    0.209972
    0.223040
    0.236387
    0.250000
    0.263864
    0.277967
    0.292292
    0.306827
    0.321557
    0.336466
    0.351540
    0.366763
    0.382121
    0.397597
    0.413176
    0.428843
    0.444581
    0.460375
    0.476209
    0.492067
    0.507933
    0.523791
    0.539625
    0.555419
    0.571157
    0.586824
    0.602403
    0.617879
    0.633237
    0.648460
    0.663534
    0.678443
    0.693173
    0.707708
    0.722033
    0.736136
    0.750000
    0.763613
    0.776960
    0.790028
    0.802805
    0.815276
    0.827430
    0.839255
    0.850737
    0.861867
    0.872632
    0.883022
    0.893027
    0.902635
    0.911838
    0.920627
    0.928992
    0.936925
    0.944418
    0.951463
    0.958054
    0.964184
    0.969846
    0.975036
    0.979746
    0.983974
    0.987715
    0.990964
    0.993719
    0.995977
    0.997736
    0.998993
    0.999748
    1.000000 
  1.         
