NACA 64(1)-212 MOD B
  80.00000  10.00000   1.00000   0.00000   1.00000   1.00000   1.00000   2.00000 
26
    0.000000    0.000000
    0.004180    0.016400
    0.006590    0.019700
    0.011470    0.025000
    0.023820    0.034800
    0.048680    0.048200
    0.073640    0.057300
    0.098650    0.063100
    0.148720    0.068200
    0.198860    0.070000
    0.249030    0.070800
    0.299210    0.071000
    0.349410    0.071000
    0.399610    0.070520
    0.449820    0.068930
    0.500000    0.065830
    0.550160    0.061510
    0.600290    0.056190
    0.650390    0.050040
    0.700450    0.043220
    0.750470    0.035900
    0.800450    0.028250
    0.850380    0.020540
    0.900270    0.013030
    0.950130    0.006040
    1.000000    0.000000
26
    0.000000    0.000000
    0.005820   -0.009250
    0.008410   -0.011050
    0.013530   -0.013790
    0.026180   -0.018460
    0.051320   -0.024910
    0.076360   -0.029670
    0.101350   -0.033520
    0.151280   -0.039450
    0.201140   -0.043760
    0.250970   -0.046800
    0.300790   -0.048710
    0.350590   -0.049480
    0.400390   -0.049100
    0.450180   -0.047030
    0.500000   -0.043770
    0.549840   -0.039610
    0.599710   -0.034770
    0.649610   -0.029440
    0.699550   -0.023780
    0.749530   -0.018000
    0.799550   -0.012330
    0.849620   -0.007080
    0.899730   -0.002690
    0.949870    0.000280
    1.000000    0.000000
100
    0.000000
    0.000252
    0.001007
    0.002264
    0.004023
    0.006281
    0.009036
    0.012285
    0.016026
    0.020254
    0.024964
    0.030154
    0.035816
    0.041946
    0.048537
    0.055582
    0.063075
    0.071008
    0.079373
    0.088162
    0.097365
    0.106973
    0.116978
    0.127368
    0.138133
    0.149263
    0.160745
    0.172570
    0.184724
    0.197195
    0.209972
    0.223040
    0.236387
    0.250000
    0.263864
    0.277967
    0.292292
    0.306827
    0.321557
    0.336466
    0.351540
    0.366763
    0.382121
    0.397597
    0.413176
    0.428843
    0.444581
    0.460375
    0.476209
    0.492067
    0.507933
    0.523791
    0.539625
    0.555419
    0.571157
    0.586824
    0.602403
    0.617879
    0.633237
    0.648460
    0.663534
    0.678443
    0.693173
    0.707708
    0.722033
    0.736136
    0.750000
    0.763613
    0.776960
    0.790028
    0.802805
    0.815276
    0.827430
    0.839255
    0.850737
    0.861867
    0.872632
    0.883022
    0.893027
    0.902635
    0.911838
    0.920627
    0.928992
    0.936925
    0.944418
    0.951463
    0.958054
    0.964184
    0.969846
    0.975036
    0.979746
    0.983974
    0.987715
    0.990964
    0.993719
    0.995977
    0.997736
    0.998993
    0.999748
    1.000000 
  1.         
