NACA 64(1)-212 MOD B
1.0000000 0.0000000
0.9967437 0.0003763
0.9934350 0.0007642
0.9900734 0.0011637
0.9866582 0.0015751
0.9831886 0.0019983
0.9796642 0.0024337
0.9760842 0.0028812
0.9724480 0.0033411
0.9687549 0.0038136
0.9650043 0.0042986
0.9611955 0.0047964
0.9573280 0.0053071
0.9534010 0.0058309
0.9494139 0.0063678
0.9453660 0.0069181
0.9412568 0.0074818
0.9370855 0.0080592
0.9328516 0.0086502
0.9285543 0.0092552
0.9241930 0.0098742
0.9197671 0.0105073
0.9152760 0.0111547
0.9107189 0.0118166
0.9060953 0.0124930
0.9014044 0.0131841
0.8966457 0.0138901
0.8918189 0.0146108
0.8869235 0.0153459
0.8819595 0.0160953
0.8769264 0.0168588
0.8718242 0.0176361
0.8666524 0.0184269
0.8614110 0.0192312
0.8560995 0.0200485
0.8507178 0.0208788
0.8452656 0.0217218
0.8397429 0.0225770
0.8341497 0.0234442
0.8284860 0.0243228
0.8227516 0.0252125
0.8169467 0.0261129
0.8110713 0.0270236
0.8051252 0.0279442
0.7991085 0.0288742
0.7930214 0.0298132
0.7868640 0.0307607
0.7806368 0.0317161
0.7743401 0.0326788
0.7679742 0.0336483
0.7615396 0.0346239
0.7550364 0.0356051
0.7484652 0.0365913
0.7418263 0.0375819
0.7351210 0.0385761
0.7283500 0.0395731
0.7215145 0.0405720
0.7146154 0.0415721
0.7076537 0.0425725
0.7006305 0.0435724
0.6935467 0.0445711
0.6864036 0.0455675
0.6792025 0.0465607
0.6719444 0.0475498
0.6646308 0.0485337
0.6572628 0.0495115
0.6498417 0.0504822
0.6423689 0.0514448
0.6348462 0.0523980
0.6272756 0.0533403
0.6196590 0.0542704
0.6119984 0.0551869
0.6042958 0.0560884
0.5965531 0.0569735
0.5887723 0.0578407
0.5809554 0.0586886
0.5731044 0.0595155
0.5652212 0.0603200
0.5573079 0.0611003
0.5493664 0.0618551
0.5413988 0.0625828
0.5334069 0.0632823
0.5253926 0.0639523
0.5173578 0.0645918
0.5093045 0.0651994
0.5012345 0.0657742
0.4931498 0.0663149
0.4850536 0.0668216
0.4769491 0.0672944
0.4688399 0.0677334
0.4607293 0.0681389
0.4526208 0.0685111
0.4445178 0.0688502
0.4364229 0.0691575
0.4283383 0.0694346
0.4202665 0.0696834
0.4122096 0.0699056
0.4041698 0.0701031
0.3961495 0.0702777
0.3881508 0.0704310
0.3801757 0.0705648
0.3722263 0.0706807
0.3643044 0.0707805
0.3564123 0.0708658
0.3485518 0.0709384
0.3407251 0.0709996
0.3329347 0.0710503
0.3251831 0.0710910
0.3174731 0.0711225
0.3098070 0.0711453
0.3021874 0.0711602
0.2946169 0.0711677
0.2870979 0.0711675
0.2796325 0.0711590
0.2722228 0.0711412
0.2648711 0.0711134
0.2575795 0.0710748
0.2503502 0.0710246
0.2431854 0.0709618
0.2360874 0.0708850
0.2290587 0.0707928
0.2221015 0.0706835
0.2152185 0.0705555
0.2084119 0.0704072
0.2016843 0.0702370
0.1950378 0.0700434
0.1884747 0.0698245
0.1819964 0.0695785
0.1756046 0.0693034
0.1693009 0.0689973
0.1630870 0.0686583
0.1569644 0.0682846
0.1509347 0.0678741
0.1449996 0.0674251
0.1391609 0.0669358
0.1334203 0.0664048
0.1277799 0.0658307
0.1222414 0.0652121
0.1168066 0.0645475
0.1114775 0.0638355
0.1062560 0.0630746
0.1011438 0.0622633
0.0961428 0.0614004
0.0912547 0.0604846
0.0864807 0.0595151
0.0818223 0.0584912
0.0772806 0.0574120
0.0728570 0.0562767
0.0685530 0.0550848
0.0643698 0.0538366
0.0603090 0.0525326
0.0563718 0.0511731
0.0525597 0.0497586
0.0488742 0.0482894
0.0453165 0.0467662
0.0418874 0.0451907
0.0385877 0.0435651
0.0354181 0.0418912
0.0323793 0.0401711
0.0294720 0.0384069
0.0266968 0.0366007
0.0240545 0.0347544
0.0215459 0.0328705
0.0191716 0.0309532
0.0169327 0.0290073
0.0148298 0.0270376
0.0128639 0.0250490
0.0110358 0.0230463
0.0093461 0.0210353
0.0077951 0.0190235
0.0063828 0.0170188
0.0051097 0.0150303
0.0039773 0.0130701
0.0029866 0.0111485
0.0021378 0.0092712
0.0014307 0.0074430
0.0008652 0.0056688
0.0004413 0.0039534
0.0001588 0.0023016
0.0000176 0.0007184
0.0000177 -0.0007916
0.0001590 -0.0022274
0.0004415 -0.0035917
0.0008654 -0.0048875
0.0014306 -0.0061175
0.0021372 -0.0072846
0.0029852 -0.0083919
0.0039748 -0.0094420
0.0051059 -0.0104380
0.0063785 -0.0113827
0.0077914 -0.0122809
0.0093419 -0.0131395
0.0110294 -0.0139661
0.0128553 -0.0147684
0.0148207 -0.0155539
0.0169252 -0.0163272
0.0191672 -0.0170905
0.0215452 -0.0178460
0.0240576 -0.0185959
0.0267029 -0.0193425
0.0294798 -0.0200875
0.0323878 -0.0208313
0.0354267 -0.0215741
0.0385961 -0.0223163
0.0418957 -0.0230582
0.0453252 -0.0237999
0.0488842 -0.0245419
0.0525724 -0.0252843
0.0563887 -0.0260269
0.0603308 -0.0267690
0.0643964 -0.0275096
0.0685831 -0.0282477
0.0728885 -0.0289825
0.0773102 -0.0297130
0.0818466 -0.0304384
0.0864974 -0.0311581
0.0912624 -0.0318717
0.0961415 -0.0325786
0.1011346 -0.0332783
0.1062413 -0.0339703
0.1114597 -0.0346540
0.1167878 -0.0353289
0.1222233 -0.0359943
0.1277640 -0.0366498
0.1334078 -0.0372948
0.1391524 -0.0379288
0.1449956 -0.0385511
0.1509354 -0.0391613
0.1569695 -0.0397587
0.1630962 -0.0403429
0.1693137 -0.0409135
0.1756203 -0.0414699
0.1820144 -0.0420116
0.1884941 -0.0425382
0.1950578 -0.0430492
0.2017038 -0.0435441
0.2084302 -0.0440224
0.2152349 -0.0444834
0.2221155 -0.0449264
0.2290700 -0.0453505
0.2360959 -0.0457552
0.2431911 -0.0461395
0.2503534 -0.0465029
0.2575804 -0.0468445
0.2648700 -0.0471635
0.2722200 -0.0474590
0.2796281 -0.0477302
0.2870923 -0.0479763
0.2946101 -0.0481962
0.3021796 -0.0483893
0.3097984 -0.0485546
0.3174644 -0.0486915
0.3251753 -0.0487992
0.3329290 -0.0488770
0.3407231 -0.0489242
0.3485556 -0.0489401
0.3564242 -0.0489240
0.3643260 -0.0488755
0.3722582 -0.0487945
0.3802178 -0.0486808
0.3882019 -0.0485340
0.3962074 -0.0483541
0.4042314 -0.0481408
0.4122716 -0.0478941
0.4203263 -0.0476145
0.4283936 -0.0473022
0.4364721 -0.0469576
0.4445598 -0.0465811
0.4526552 -0.0461729
0.4607560 -0.0457337
0.4688592 -0.0452645
0.4769618 -0.0447661
0.4850605 -0.0442397
0.4931523 -0.0436863
0.5012342 -0.0431068
0.5093031 -0.0425024
0.5173564 -0.0418744
0.5253917 -0.0412243
0.5334064 -0.0405536
0.5413979 -0.0398636
0.5493638 -0.0391559
0.5573016 -0.0384319
0.5652098 -0.0376929
0.5730867 -0.0369402
0.5809311 -0.0361751
0.5887413 -0.0353991
0.5965160 -0.0346134
0.6042537 -0.0338193
0.6119527 -0.0330180
0.6196112 -0.0322106
0.6272275 -0.0313982
0.6347997 -0.0305818
0.6423259 -0.0297626
0.6498044 -0.0289416
0.6572334 -0.0281198
0.6646106 -0.0272983
0.6719340 -0.0264778
0.6792014 -0.0256594
0.6864106 -0.0248438
0.6935594 -0.0240321
0.7006458 -0.0232251
0.7076680 -0.0224236
0.7146258 -0.0216282
0.7215192 -0.0208393
0.7283479 -0.0200575
0.7351119 -0.0192833
0.7418112 -0.0185172
0.7484456 -0.0177597
0.7550150 -0.0170112
0.7615187 -0.0162724
0.7679558 -0.0155437
0.7743255 -0.0148257
0.7806268 -0.0141189
0.7868589 -0.0134238
0.7930210 -0.0127410
0.7991120 -0.0120710
0.8051314 -0.0114142
0.8110789 -0.0107712
0.8169549 -0.0101421
0.8227593 -0.0095275
0.8284925 -0.0089276
0.8341544 -0.0083429
0.8397454 -0.0077736
0.8452654 -0.0072201
0.8507148 -0.0066828
0.8560936 -0.0061621
0.8614022 -0.0056581
0.8666410 -0.0051713
0.8718103 -0.0047020
0.8769104 -0.0042504
0.8819416 -0.0038168
0.8869044 -0.0034016
0.8917990 -0.0030050
0.8966259 -0.0026274
0.9013852 -0.0022690
0.9060775 -0.0019301
0.9107034 -0.0016109
0.9152632 -0.0013114
0.9197577 -0.0010318
0.9241873 -0.0007723
0.9285525 -0.0005329
0.9328540 -0.0003139
0.9370923 -0.0001153
0.9412679 0.0000627
0.9453814 0.0002200
0.9494333 0.0003564
0.9534241 0.0004719
0.9573545 0.0005662
0.9612249 0.0006393
0.9650360 0.0006909
0.9687881 0.0007211
0.9724820 0.0007295
0.9761182 0.0007162
0.9796971 0.0006809
0.9832194 0.0006236
0.9866855 0.0005440
0.9900961 0.0004421
0.9934517 0.0003177
0.9967528 0.0001707
1.0000000 0.0000010