NACA 65(2)-415 a=0.5
  80.00000  10.00000   1.00000   0.00000   1.00000   1.00000   1.00000   2.00000 
82
   -0.000372    0.003606
   -0.000188    0.005460
    0.000230    0.007355
    0.000886    0.009279
    0.001793    0.011210
    0.002972    0.013109
    0.004440    0.014971
    0.006212    0.016865
    0.008320    0.018831
    0.010798    0.020904
    0.013712    0.023120
    0.017172    0.025516
    0.021310    0.028151
    0.026281    0.031095
    0.032261    0.034381
    0.039360    0.037981
    0.047561    0.041816
    0.056886    0.045843
    0.067421    0.050039
    0.079107    0.054339
    0.091696    0.058622
    0.104912    0.062788
    0.118582    0.066781
    0.132574    0.070567
    0.146800    0.074131
    0.161224    0.077478
    0.175842    0.080619
    0.190641    0.083560
    0.205594    0.086308
    0.220668    0.088864
    0.235830    0.091228
    0.251059    0.093400
    0.266339    0.095385
    0.281659    0.097181
    0.297016    0.098789
    0.312410    0.100212
    0.327839    0.101449
    0.343284    0.102501
    0.358714    0.103367
    0.374093    0.104039
    0.389403    0.104509
    0.404645    0.104769
    0.419837    0.104813
    0.434984    0.104636
    0.450080    0.104234
    0.465104    0.103604
    0.480040    0.102739
    0.494904    0.101634
    0.509745    0.100276
    0.524626    0.098663
    0.539604    0.096804
    0.554709    0.094708
    0.569949    0.092386
    0.585316    0.089855
    0.600787    0.087135
    0.616326    0.084248
    0.631900    0.081209
    0.647501    0.078024
    0.663155    0.074694
    0.678905    0.071222
    0.694771    0.067619
    0.710736    0.063909
    0.726755    0.060113
    0.742808    0.056243
    0.758910    0.052302
    0.775107    0.048289
    0.791415    0.044217
    0.807786    0.040119
    0.824124    0.036037
    0.840348    0.032011
    0.856426    0.028065
    0.872362    0.024216
    0.888148    0.020477
    0.903744    0.016869
    0.919068    0.013442
    0.933897    0.010309
    0.947896    0.007585
    0.960780    0.005328
    0.972443    0.003503
    0.982956    0.002033
    0.992458    0.000846
    1.000000    0.000000
79
   -0.000372    0.003606
   -0.000319    0.001800
   -0.000012    0.000048
    0.000569   -0.001653
    0.001426   -0.003317
    0.002563   -0.004955
    0.003989   -0.006573
    0.005718   -0.008166
    0.007746   -0.009706
    0.010054   -0.011149
    0.012719   -0.012504
    0.015829   -0.013808
    0.019470   -0.015107
    0.023792   -0.016430
    0.029011   -0.017829
    0.035375   -0.019392
    0.043102   -0.021126
    0.052204   -0.022963
    0.062620   -0.024831
    0.074553   -0.026733
    0.087998   -0.028669
    0.102404   -0.030551
    0.117300   -0.032296
    0.132587   -0.033899
    0.148202   -0.035371
    0.164055   -0.036729
    0.180049   -0.037979
    0.196113   -0.039118
    0.212217   -0.040150
    0.228364   -0.041081
    0.244554   -0.041912
    0.260775   -0.042648
    0.277012   -0.043289
    0.293260   -0.043837
    0.309533   -0.044294
    0.325857   -0.044663
    0.342224   -0.044949
    0.358581   -0.045158
    0.374845   -0.045283
    0.390974   -0.045305
    0.406989   -0.045207
    0.422957   -0.044979
    0.438937   -0.044623
    0.454965   -0.044142
    0.471055   -0.043539
    0.487204   -0.042822
    0.503399   -0.042000
    0.519619   -0.041081
    0.535852   -0.040066
    0.552108   -0.038958
    0.568413   -0.037759
    0.584785   -0.036476
    0.601218   -0.035120
    0.617685   -0.033700
    0.634165   -0.032220
    0.650659   -0.030681
    0.667188   -0.029085
    0.683770   -0.027437
    0.700414   -0.025747
    0.717111   -0.024021
    0.733853   -0.022268
    0.750636   -0.020495
    0.767457   -0.018707
    0.784304   -0.016912
    0.801138   -0.015116
    0.817905   -0.013335
    0.834562   -0.011586
    0.851095   -0.009890
    0.867515   -0.008257
    0.883824   -0.006692
    0.900006   -0.005200
    0.916004   -0.003801
    0.931586   -0.002570
    0.946328   -0.001586
    0.959831   -0.000883
    0.971939   -0.000427
    0.982734   -0.000159
    0.992395   -0.000029
    1.000000    0.000000
100
    0.000000
    0.000252
    0.001007
    0.002264
    0.004023
    0.006281
    0.009036
    0.012285
    0.016026
    0.020254
    0.024964
    0.030154
    0.035816
    0.041946
    0.048537
    0.055582
    0.063075
    0.071008
    0.079373
    0.088162
    0.097365
    0.106973
    0.116978
    0.127368
    0.138133
    0.149263
    0.160745
    0.172570
    0.184724
    0.197195
    0.209972
    0.223040
    0.236387
    0.250000
    0.263864
    0.277967
    0.292292
    0.306827
    0.321557
    0.336466
    0.351540
    0.366763
    0.382121
    0.397597
    0.413176
    0.428843
    0.444581
    0.460375
    0.476209
    0.492067
    0.507933
    0.523791
    0.539625
    0.555419
    0.571157
    0.586824
    0.602403
    0.617879
    0.633237
    0.648460
    0.663534
    0.678443
    0.693173
    0.707708
    0.722033
    0.736136
    0.750000
    0.763613
    0.776960
    0.790028
    0.802805
    0.815276
    0.827430
    0.839255
    0.850737
    0.861867
    0.872632
    0.883022
    0.893027
    0.902635
    0.911838
    0.920627
    0.928992
    0.936925
    0.944418
    0.951463
    0.958054
    0.964184
    0.969846
    0.975036
    0.979746
    0.983974
    0.987715
    0.990964
    0.993719
    0.995977
    0.997736
    0.998993
    0.999748
    1.000000 
  1.         
