NACA 65(2)-415
  80.00000  10.00000   1.00000   0.00000   1.00000   1.00000   1.00000   2.00000 
26
    0.000000    0.000000
    0.003130    0.012080
    0.005420    0.014800
    0.010160    0.019000
    0.022310    0.026800
    0.046970    0.038630
    0.071840    0.047940
    0.096820    0.055780
    0.146970    0.068420
    0.197260    0.078090
    0.247640    0.085500
    0.298070    0.090930
    0.348540    0.094550
    0.399030    0.096390
    0.449530    0.096170
    0.500000    0.093710
    0.550430    0.089100
    0.600790    0.082600
    0.651060    0.074620
    0.701240    0.065420
    0.751310    0.055320
    0.801260    0.044470
    0.851090    0.033200
    0.900800    0.021750
    0.950400    0.010580
    1.000000    0.000000
26
    0.000000    0.000000
    0.006870   -0.010080
    0.009580   -0.012000
    0.014840   -0.014720
    0.027690   -0.019360
    0.053030   -0.025990
    0.078160   -0.030980
    0.103180   -0.035100
    0.153030   -0.041500
    0.202740   -0.046250
    0.252360   -0.049700
    0.301930   -0.052050
    0.351460   -0.053350
    0.400970   -0.053550
    0.450470   -0.052370
    0.500000   -0.049620
    0.549570   -0.045300
    0.599210   -0.039760
    0.648940   -0.033420
    0.698760   -0.026540
    0.748690   -0.019520
    0.798740   -0.012630
    0.848910   -0.006280
    0.899200   -0.001070
    0.949600    0.002060
    1.000000    0.000000
100
    0.000000
    0.000252
    0.001007
    0.002264
    0.004023
    0.006281
    0.009036
    0.012285
    0.016026
    0.020254
    0.024964
    0.030154
    0.035816
    0.041946
    0.048537
    0.055582
    0.063075
    0.071008
    0.079373
    0.088162
    0.097365
    0.106973
    0.116978
    0.127368
    0.138133
    0.149263
    0.160745
    0.172570
    0.184724
    0.197195
    0.209972
    0.223040
    0.236387
    0.250000
    0.263864
    0.277967
    0.292292
    0.306827
    0.321557
    0.336466
    0.351540
    0.366763
    0.382121
    0.397597
    0.413176
    0.428843
    0.444581
    0.460375
    0.476209
    0.492067
    0.507933
    0.523791
    0.539625
    0.555419
    0.571157
    0.586824
    0.602403
    0.617879
    0.633237
    0.648460
    0.663534
    0.678443
    0.693173
    0.707708
    0.722033
    0.736136
    0.750000
    0.763613
    0.776960
    0.790028
    0.802805
    0.815276
    0.827430
    0.839255
    0.850737
    0.861867
    0.872632
    0.883022
    0.893027
    0.902635
    0.911838
    0.920627
    0.928992
    0.936925
    0.944418
    0.951463
    0.958054
    0.964184
    0.969846
    0.975036
    0.979746
    0.983974
    0.987715
    0.990964
    0.993719
    0.995977
    0.997736
    0.998993
    0.999748
    1.000000 
  1.         
