NACA 65(2)-415
    1.000000       0.000000    
   0.9966707      0.6898960E-03
   0.9924722      0.1564064E-02
   0.9878666      0.2528304E-02
   0.9828608      0.3582646E-02
   0.9774773      0.4723927E-02
   0.9717488      0.5946720E-02
   0.9657234      0.7242203E-02
   0.9594568      0.8599724E-02
   0.9530023      0.1000886E-01
   0.9464038      0.1146067E-01
   0.9396970      0.1294754E-01
   0.9329082      0.1446336E-01
   0.9260577      0.1600293E-01
   0.9191601      0.1756217E-01
   0.9122260      0.1913794E-01
   0.9052628      0.2072774E-01
   0.8982753      0.2232942E-01
   0.8912666      0.2394110E-01
   0.8842398      0.2556059E-01
   0.8772007      0.2718494E-01
   0.8701573      0.2881058E-01
   0.8631165      0.3043424E-01
   0.8560823      0.3205339E-01
   0.8490560      0.3366628E-01
   0.8420365      0.3527193E-01
   0.8350217      0.3687029E-01
   0.8280111      0.3846137E-01
   0.8210049      0.4004489E-01
   0.8140038      0.4162045E-01
   0.8070086      0.4318765E-01
   0.8000206      0.4474583E-01
   0.7930424      0.4629398E-01
   0.7860763      0.4783049E-01
   0.7791234      0.4935386E-01
   0.7721832      0.5086295E-01
   0.7652552      0.5235670E-01
   0.7583386      0.5383412E-01
   0.7514316      0.5529444E-01
   0.7445306      0.5673741E-01
   0.7376323      0.5816357E-01
   0.7307351      0.5957333E-01
   0.7238386      0.6096677E-01
   0.7169429      0.6234393E-01
   0.7100479      0.6370483E-01
   0.7031550      0.6504932E-01
   0.6962672      0.6637677E-01
   0.6893873      0.6768580E-01
   0.6825171      0.6897516E-01
   0.6756571      0.7024372E-01
   0.6688077      0.7149040E-01
   0.6619688      0.7271416E-01
   0.6551397      0.7391407E-01
   0.6483188      0.7508950E-01
   0.6415045      0.7624018E-01
   0.6346957      0.7736583E-01
   0.6278917      0.7846622E-01
   0.6210922      0.7954109E-01
   0.6142974      0.8059019E-01
   0.6075082      0.8161315E-01
   0.6007260      0.8260940E-01
   0.5939529      0.8357800E-01
   0.5871907      0.8451793E-01
   0.5804409      0.8542797E-01
   0.5737040      0.8630687E-01
   0.5669799      0.8715356E-01
   0.5602683      0.8796704E-01
   0.5535682      0.8874643E-01
   0.5468786      0.8949096E-01
   0.5401977      0.9020003E-01
   0.5335240      0.9087338E-01
   0.5268564      0.9151075E-01
   0.5201947      0.9211178E-01
   0.5135387      0.9267608E-01
   0.5068879      0.9320325E-01
   0.5002417      0.9369290E-01
   0.4935995      0.9414471E-01
   0.4869605      0.9455846E-01
   0.4803242      0.9493395E-01
   0.4736903      0.9527098E-01
   0.4670583      0.9556936E-01
   0.4604279      0.9582880E-01
   0.4537983      0.9604902E-01
   0.4471675      0.9622982E-01
   0.4405337      0.9637140E-01
   0.4338953      0.9647399E-01
   0.4272510      0.9653798E-01
   0.4206002      0.9656381E-01
   0.4139427      0.9655185E-01
   0.4072779      0.9650238E-01
   0.4006049      0.9641575E-01
   0.3939230      0.9629240E-01
   0.3872311      0.9613284E-01
   0.3805286      0.9593777E-01
   0.3738153      0.9570798E-01
   0.3670917      0.9544428E-01
   0.3603584      0.9514747E-01
   0.3536166      0.9481839E-01
   0.3468684      0.9445786E-01
   0.3401172      0.9406666E-01
   0.3333664      0.9364486E-01
   0.3266181      0.9319230E-01
   0.3198732      0.9270880E-01
   0.3131325      0.9219426E-01
   0.3063969      0.9164857E-01
   0.2996672      0.9107162E-01
   0.2929443      0.9046329E-01
   0.2862290      0.8982337E-01
   0.2795218      0.8915163E-01
   0.2728233      0.8844782E-01
   0.2661339      0.8771169E-01
   0.2594539      0.8694300E-01
   0.2527838      0.8614152E-01
   0.2461240      0.8530701E-01
   0.2394752      0.8443925E-01
   0.2328379      0.8353801E-01
   0.2262127      0.8260305E-01
   0.2196003      0.8163416E-01
   0.2130015      0.8063119E-01
   0.2064176      0.7959410E-01
   0.1998503      0.7852288E-01
   0.1933020      0.7741746E-01
   0.1867757      0.7627782E-01
   0.1802742      0.7510350E-01
   0.1737998      0.7389382E-01
   0.1673541      0.7264809E-01
   0.1609388      0.7136576E-01
   0.1545557      0.7004640E-01
   0.1482081      0.6868990E-01
   0.1419004      0.6729641E-01
   0.1356374      0.6586555E-01
   0.1294235      0.6439683E-01
   0.1232629      0.6288976E-01
   0.1171599      0.6134412E-01
   0.1111198      0.5976018E-01
   0.1051497      0.5813914E-01
   0.9925910E-01  0.5648308E-01
   0.9345983E-01  0.5479480E-01
   0.8776541E-01  0.5307820E-01
   0.8219226E-01  0.5133882E-01
   0.7676088E-01  0.4958434E-01
   0.7149473E-01  0.4782335E-01
   0.6641910E-01  0.4606531E-01
   0.6155779E-01  0.4431972E-01
   0.5693017E-01  0.4259396E-01
   0.5254848E-01  0.4089499E-01
   0.4842036E-01  0.3923055E-01
   0.4454998E-01  0.3760854E-01
   0.4093713E-01  0.3603557E-01
   0.3757716E-01  0.3451692E-01
   0.3446104E-01  0.3305618E-01
   0.3157676E-01  0.3165552E-01
   0.2890978E-01  0.3031587E-01
   0.2644456E-01  0.2903770E-01
   0.2416542E-01  0.2782021E-01
   0.2205748E-01  0.2666009E-01
   0.2010635E-01  0.2555314E-01
   0.1829933E-01  0.2449298E-01
   0.1662481E-01  0.2347147E-01
   0.1507109E-01  0.2248207E-01
   0.1362733E-01  0.2152011E-01
   0.1228371E-01  0.2058199E-01
   0.1103148E-01  0.1966526E-01
   0.9863077E-02  0.1876804E-01
   0.8773027E-02  0.1788744E-01
   0.7756849E-02  0.1702007E-01
   0.6810048E-02  0.1616345E-01
   0.5928463E-02  0.1531616E-01
   0.5109886E-02  0.1447599E-01
   0.4355568E-02  0.1363817E-01
   0.3666339E-02  0.1279857E-01
   0.3042825E-02  0.1195538E-01
   0.2484851E-02  0.1110774E-01
   0.1988525E-02  0.1025772E-01
   0.1548804E-02  0.9408578E-02
   0.1162213E-02  0.8562637E-02
   0.8265782E-03  0.7721615E-02
   0.5401092E-03  0.6887177E-02
   0.3012597E-03  0.6060247E-02
   0.1086118E-03  0.5240814E-02
  -0.3821819E-04  0.4430402E-02
  -0.1392227E-03  0.3633557E-02
  -0.1951069E-03  0.2853264E-02
  -0.2067674E-03  0.2083071E-02
  -0.1725450E-03  0.1309764E-02
  -0.8712617E-04  0.5250761E-03
   0.5518120E-04 -0.2692017E-03
   0.2560711E-03 -0.1066697E-02
   0.5163112E-03 -0.1863393E-02
   0.8354497E-03 -0.2658211E-02
   0.1212206E-02 -0.3449774E-02
   0.1645455E-02 -0.4236523E-02
   0.2134243E-02 -0.5017272E-02
   0.2678033E-02 -0.5791360E-02
   0.3276539E-02 -0.6558415E-02
   0.3929767E-02 -0.7317969E-02
   0.4638401E-02 -0.8069601E-02
   0.5403398E-02 -0.8812819E-02
   0.6226628E-02 -0.9546955E-02
   0.7110325E-02 -0.1027098E-01
   0.8058292E-02 -0.1098235E-01
   0.9075530E-02 -0.1167779E-01
   0.1016666E-01 -0.1235604E-01
   0.1133577E-01 -0.1301772E-01
   0.1258723E-01 -0.1366568E-01
   0.1392516E-01 -0.1430639E-01
   0.1535390E-01 -0.1494663E-01
   0.1688095E-01 -0.1558987E-01
   0.1851518E-01 -0.1623951E-01
   0.2026780E-01 -0.1689761E-01
   0.2215229E-01 -0.1756604E-01
   0.2418413E-01 -0.1824898E-01
   0.2637970E-01 -0.1895345E-01
   0.2875604E-01 -0.1968661E-01
   0.3133222E-01 -0.2045232E-01
   0.3412789E-01 -0.2125402E-01
   0.3716294E-01 -0.2209217E-01
   0.4045665E-01 -0.2296510E-01
   0.4402745E-01 -0.2387087E-01
   0.4789020E-01 -0.2480724E-01
   0.5205484E-01 -0.2577087E-01
   0.5652490E-01 -0.2675706E-01
   0.6129712E-01 -0.2776057E-01
   0.6636144E-01 -0.2877614E-01
   0.7170022E-01 -0.2979887E-01
   0.7728933E-01 -0.3082430E-01
   0.8309416E-01 -0.3184792E-01
   0.8907336E-01 -0.3286275E-01
   0.9518991E-01 -0.3385964E-01
   0.1014188     -0.3483241E-01
   0.1077429     -0.3577778E-01
   0.1141489     -0.3669378E-01
   0.1206260     -0.3757987E-01
   0.1271659     -0.3843638E-01
   0.1337615     -0.3926414E-01
   0.1404072     -0.4006429E-01
   0.1470981     -0.4083825E-01
   0.1538278     -0.4158738E-01
   0.1605879     -0.4231266E-01
   0.1673702     -0.4301367E-01
   0.1741699     -0.4368996E-01
   0.1809846     -0.4434147E-01
   0.1878128     -0.4496829E-01
   0.1946528     -0.4557054E-01
   0.2015038     -0.4614840E-01
   0.2083658     -0.4670216E-01
   0.2152389     -0.4723232E-01
   0.2221229     -0.4773940E-01
   0.2290176     -0.4822393E-01
   0.2359225     -0.4868645E-01
   0.2428374     -0.4912752E-01
   0.2497610     -0.4954770E-01
   0.2566915     -0.4994741E-01
   0.2636269     -0.5032667E-01
   0.2705659     -0.5068549E-01
   0.2775075     -0.5102381E-01
   0.2844512     -0.5134157E-01
   0.2913966     -0.5163874E-01
   0.2983432     -0.5191528E-01
   0.3052909     -0.5217122E-01
   0.3122394     -0.5240656E-01
   0.3191882     -0.5262132E-01
   0.3261369     -0.5281551E-01
   0.3330849     -0.5298915E-01
   0.3400318     -0.5314231E-01
   0.3469759     -0.5327514E-01
   0.3539144     -0.5338753E-01
   0.3608446     -0.5347891E-01
   0.3677641     -0.5354859E-01
   0.3746714     -0.5359567E-01
   0.3815657     -0.5361914E-01
   0.3884469     -0.5361808E-01
   0.3953153     -0.5359154E-01
   0.4021719     -0.5353872E-01
   0.4090178     -0.5345900E-01
   0.4158544     -0.5335179E-01
   0.4226826     -0.5321675E-01
   0.4295031     -0.5305357E-01
   0.4363161     -0.5286188E-01
   0.4431222     -0.5264128E-01
   0.4499221     -0.5239140E-01
   0.4567167     -0.5211191E-01
   0.4635071     -0.5180256E-01
   0.4702942     -0.5146320E-01
   0.4770789     -0.5109375E-01
   0.4838618     -0.5069403E-01
   0.4906440     -0.5026377E-01
   0.4974272     -0.4980279E-01
   0.5042142     -0.4931091E-01
   0.5110085     -0.4878815E-01
   0.5178134     -0.4823522E-01
   0.5246305     -0.4765305E-01
   0.5314605     -0.4704254E-01
   0.5383041     -0.4640455E-01
   0.5451623     -0.4573994E-01
   0.5520358     -0.4504964E-01
   0.5589255     -0.4433462E-01
   0.5658318     -0.4359597E-01
   0.5727548     -0.4283486E-01
   0.5796947     -0.4205250E-01
   0.5866512     -0.4125011E-01
   0.5936239     -0.4042902E-01
   0.6006112     -0.3959072E-01
   0.6076101     -0.3873656E-01
   0.6146183     -0.3786722E-01
   0.6216347     -0.3698318E-01
   0.6286593     -0.3608483E-01
   0.6356917     -0.3517253E-01
   0.6427326     -0.3424655E-01
   0.6497835     -0.3330695E-01
   0.6568478     -0.3235400E-01
   0.6639281     -0.3138864E-01
   0.6710258     -0.3041206E-01
   0.6781413     -0.2942565E-01
   0.6852750     -0.2843087E-01
   0.6924261     -0.2742937E-01
   0.6995927     -0.2642301E-01
   0.7067710     -0.2541348E-01
   0.7139568     -0.2440207E-01
   0.7211457     -0.2339003E-01
   0.7283337     -0.2237843E-01
   0.7355180     -0.2136822E-01
   0.7426961     -0.2036024E-01
   0.7498657     -0.1935536E-01
   0.7570241     -0.1835468E-01
   0.7641694     -0.1735948E-01
   0.7713000     -0.1637097E-01
   0.7784150     -0.1539036E-01
   0.7855137     -0.1441877E-01
   0.7925951     -0.1345729E-01
   0.7996565     -0.1250716E-01
   0.8066948     -0.1157027E-01
   0.8137076     -0.1064880E-01
   0.8206945     -0.9744750E-02
   0.8276551     -0.8860084E-02
   0.8345894     -0.7996749E-02
   0.8414983     -0.7156658E-02
   0.8483851     -0.6341388E-02
   0.8552537     -0.5551509E-02
   0.8621059     -0.4787217E-02
   0.8689406     -0.4048892E-02
   0.8757558     -0.3336843E-02
   0.8825487     -0.2651192E-02
   0.8893111     -0.1991731E-02
   0.8960253     -0.1359180E-02
   0.9026680     -0.7581993E-03
   0.9092170     -0.1950440E-03
   0.9156540      0.3227890E-03
   0.9219701      0.7863483E-03
   0.9281660      0.1188610E-02
   0.9342444      0.1524494E-02
   0.9402061      0.1789780E-02
   0.9460524      0.1980720E-02
   0.9517879      0.2094303E-02
   0.9574172      0.2131057E-02
   0.9629355      0.2094921E-02
   0.9683276      0.1990514E-02
   0.9735712      0.1823533E-02
   0.9786400      0.1600796E-02
   0.9835072      0.1330183E-02
   0.9881480      0.1020393E-02
   0.9925371      0.6809348E-03
   0.9966538      0.3214964E-03
    1.000000       0.000000    
