NACA65 (1)-412
  80.00000  10.00000   1.00000   0.00000   1.00000   1.00000   1.00000   2.00000 
81
   -0.000138    0.001580
    0.000022    0.003230
    0.000472    0.004950
    0.001220    0.006730
    0.002290    0.008560
    0.003720    0.010400
    0.005560    0.012200
    0.007850    0.014000
    0.010700    0.016000
    0.014400    0.018200
    0.019300    0.020700
    0.025700    0.023600
    0.034300    0.027300
    0.044400    0.031100
    0.055300    0.034900
    0.067200    0.038600
    0.080100    0.042200
    0.093600    0.045700
    0.107128    0.049000
    0.120860    0.052100
    0.134802    0.055000
    0.148951    0.057700
    0.163240    0.060200
    0.177596    0.062600
    0.191990    0.064800
    0.206440    0.066800
    0.220990    0.068700
    0.235656    0.070500
    0.250410    0.072100
    0.265183    0.073600
    0.279917    0.075000
    0.294602    0.076300
    0.309279    0.077400
    0.324004    0.078400
    0.338801    0.079200
    0.353646    0.079900
    0.368480    0.080500
    0.383260    0.081000
    0.397977    0.081400
    0.412659    0.081600
    0.427342    0.081600
    0.442038    0.081500
    0.456737    0.081300
    0.471410    0.080900
    0.486042    0.080300
    0.500642    0.079600
    0.515242    0.078700
    0.529873    0.077700
    0.544554    0.076500
    0.559283    0.075200
    0.574050    0.073800
    0.588839    0.072200
    0.603642    0.070500
    0.618450    0.068700
    0.633261    0.066800
    0.648080    0.064800
    0.662916    0.062700
    0.677782    0.060500
    0.692678    0.058200
    0.707593    0.055800
    0.722507    0.053400
    0.737409    0.050800
    0.752304    0.048300
    0.767208    0.045600
    0.782143    0.042900
    0.797118    0.040100
    0.812132    0.037200
    0.827169    0.034400
    0.842202    0.031400
    0.857194    0.028500
    0.872116    0.025500
    0.887007    0.022500
    0.901998    0.019500
    0.917042    0.016500
    0.931875    0.013500
    0.946839    0.010600
    0.960823    0.007770
    0.973078    0.005340
    0.983675    0.003230
    0.992895    0.001410
    1.000000    0.000000
80
   -0.000138    0.001580
    0.000000    0.000000
    0.000473   -0.001570
    0.001270   -0.003100
    0.002400   -0.004610
    0.003900   -0.006130
    0.005820   -0.007630
    0.008150   -0.009030
    0.011000   -0.010300
    0.014500   -0.011600
    0.019000   -0.013000
    0.025000   -0.014400
    0.033000   -0.016100
    0.043400   -0.018100
    0.055200   -0.020100
    0.067900   -0.021900
    0.081700   -0.023700
    0.096100   -0.025300
    0.110608   -0.026900
    0.125128   -0.028200
    0.139825   -0.029500
    0.154721   -0.030700
    0.169734   -0.031700
    0.184768   -0.032700
    0.199778   -0.033600
    0.214778   -0.034500
    0.229807   -0.035200
    0.244884   -0.035800
    0.259996   -0.036400
    0.275118   -0.037000
    0.290229   -0.037400
    0.305333   -0.037800
    0.320444   -0.038100
    0.335574   -0.038300
    0.350712   -0.038500
    0.365831   -0.038600
    0.380904   -0.038600
    0.395923   -0.038600
    0.410905   -0.038400
    0.425872   -0.038200
    0.440837   -0.037900
    0.455793   -0.037400
    0.470719   -0.036900
    0.485607   -0.036200
    0.500468   -0.035500
    0.515332   -0.034600
    0.530233   -0.033600
    0.545189   -0.032600
    0.560208   -0.031400
    0.575281   -0.030100
    0.590399   -0.028800
    0.605545   -0.027400
    0.620705   -0.026000
    0.635871   -0.024500
    0.651053   -0.023000
    0.666274   -0.021400
    0.681552   -0.019800
    0.696885   -0.018200
    0.712249   -0.016600
    0.727611   -0.014900
    0.742952   -0.013300
    0.758268   -0.011700
    0.773561   -0.010100
    0.788825   -0.008530
    0.804038   -0.007010
    0.819171   -0.005530
    0.834210   -0.004130
    0.849167   -0.002810
    0.864075   -0.001600
    0.878964   -0.000481
    0.893828    0.000537
    0.908628    0.001450
    0.923241    0.002190
    0.937377    0.002650
    0.950683    0.002780
    0.962889    0.002570
    0.973925    0.002110
    0.983871    0.001480
    0.992863    0.000722
    1.000000    0.000000
100
    0.000000
    0.000252
    0.001007
    0.002264
    0.004023
    0.006281
    0.009036
    0.012285
    0.016026
    0.020254
    0.024964
    0.030154
    0.035816
    0.041946
    0.048537
    0.055582
    0.063075
    0.071008
    0.079373
    0.088162
    0.097365
    0.106973
    0.116978
    0.127368
    0.138133
    0.149263
    0.160745
    0.172570
    0.184724
    0.197195
    0.209972
    0.223040
    0.236387
    0.250000
    0.263864
    0.277967
    0.292292
    0.306827
    0.321557
    0.336466
    0.351540
    0.366763
    0.382121
    0.397597
    0.413176
    0.428843
    0.444581
    0.460375
    0.476209
    0.492067
    0.507933
    0.523791
    0.539625
    0.555419
    0.571157
    0.586824
    0.602403
    0.617879
    0.633237
    0.648460
    0.663534
    0.678443
    0.693173
    0.707708
    0.722033
    0.736136
    0.750000
    0.763613
    0.776960
    0.790028
    0.802805
    0.815276
    0.827430
    0.839255
    0.850737
    0.861867
    0.872632
    0.883022
    0.893027
    0.902635
    0.911838
    0.920627
    0.928992
    0.936925
    0.944418
    0.951463
    0.958054
    0.964184
    0.969846
    0.975036
    0.979746
    0.983974
    0.987715
    0.990964
    0.993719
    0.995977
    0.997736
    0.998993
    0.999748
    1.000000 
  1.         
