NACA 65(2)-415
 180.00000  10.00000   1.00000   0.00000   1.00000   1.00000   1.00000   2.00000 
184
   -0.000207    0.002083
   -0.000195    0.002853
   -0.000139    0.003634
   -0.000038    0.004430
    0.000109    0.005241
    0.000301    0.006060
    0.000540    0.006887
    0.000827    0.007722
    0.001162    0.008563
    0.001549    0.009409
    0.001989    0.010258
    0.002485    0.011108
    0.003043    0.011955
    0.003666    0.012799
    0.004356    0.013638
    0.005110    0.014476
    0.005928    0.015316
    0.006810    0.016163
    0.007757    0.017020
    0.008773    0.017887
    0.009863    0.018768
    0.011031    0.019665
    0.012284    0.020582
    0.013627    0.021520
    0.015071    0.022482
    0.016625    0.023471
    0.018299    0.024493
    0.020106    0.025553
    0.022057    0.026660
    0.024165    0.027820
    0.026445    0.029038
    0.028910    0.030316
    0.031577    0.031656
    0.034461    0.033056
    0.037577    0.034517
    0.040937    0.036036
    0.044550    0.037609
    0.048420    0.039231
    0.052548    0.040895
    0.056930    0.042594
    0.061558    0.044320
    0.066419    0.046065
    0.071495    0.047823
    0.076761    0.049584
    0.082192    0.051339
    0.087765    0.053078
    0.093460    0.054795
    0.099259    0.056483
    0.105150    0.058139
    0.111120    0.059760
    0.117160    0.061344
    0.123263    0.062890
    0.129423    0.064397
    0.135637    0.065866
    0.141900    0.067296
    0.148208    0.068690
    0.154556    0.070046
    0.160939    0.071366
    0.167354    0.072648
    0.173800    0.073894
    0.180274    0.075104
    0.186776    0.076278
    0.193302    0.077417
    0.199850    0.078523
    0.206418    0.079594
    0.213002    0.080631
    0.219600    0.081634
    0.226213    0.082603
    0.232838    0.083538
    0.239475    0.084439
    0.246124    0.085307
    0.252784    0.086142
    0.259454    0.086943
    0.266134    0.087712
    0.272823    0.088448
    0.279522    0.089152
    0.286229    0.089823
    0.292944    0.090463
    0.299667    0.091072
    0.306397    0.091649
    0.313132    0.092194
    0.319873    0.092709
    0.326618    0.093192
    0.333366    0.093645
    0.340117    0.094067
    0.346868    0.094458
    0.353617    0.094818
    0.360358    0.095147
    0.367092    0.095444
    0.373815    0.095708
    0.380529    0.095938
    0.387231    0.096133
    0.393923    0.096292
    0.400605    0.096416
    0.407278    0.096502
    0.413943    0.096552
    0.420600    0.096564
    0.427251    0.096538
    0.433895    0.096474
    0.440534    0.096371
    0.447167    0.096230
    0.453798    0.096049
    0.460428    0.095829
    0.467058    0.095569
    0.473690    0.095271
    0.480324    0.094934
    0.486961    0.094558
    0.493600    0.094145
    0.500242    0.093693
    0.506888    0.093203
    0.513539    0.092676
    0.520195    0.092112
    0.526856    0.091511
    0.533524    0.090873
    0.540198    0.090200
    0.546879    0.089491
    0.553568    0.088746
    0.560268    0.087967
    0.566980    0.087154
    0.573704    0.086307
    0.580441    0.085428
    0.587191    0.084518
    0.593953    0.083578
    0.600726    0.082609
    0.607508    0.081613
    0.614297    0.080590
    0.621092    0.079541
    0.627892    0.078466
    0.634696    0.077366
    0.641505    0.076240
    0.648319    0.075090
    0.655140    0.073914
    0.661969    0.072714
    0.668808    0.071490
    0.675657    0.070244
    0.682517    0.068975
    0.689387    0.067686
    0.696267    0.066377
    0.703155    0.065049
    0.710048    0.063705
    0.716943    0.062344
    0.723839    0.060967
    0.730735    0.059573
    0.737632    0.058164
    0.744531    0.056737
    0.751432    0.055294
    0.758339    0.053834
    0.765255    0.052357
    0.772183    0.050863
    0.779123    0.049354
    0.786076    0.047830
    0.793042    0.046294
    0.800021    0.044746
    0.807009    0.043188
    0.814004    0.041620
    0.821005    0.040045
    0.828011    0.038461
    0.835022    0.036870
    0.842036    0.035272
    0.849056    0.033666
    0.856082    0.032053
    0.863116    0.030434
    0.870157    0.028811
    0.877201    0.027185
    0.884240    0.025561
    0.891267    0.023941
    0.898275    0.022329
    0.905263    0.020728
    0.912226    0.019138
    0.919160    0.017562
    0.926058    0.016003
    0.932908    0.014463
    0.939697    0.012948
    0.946404    0.011461
    0.953002    0.010009
    0.959457    0.008600
    0.965723    0.007242
    0.971749    0.005947
    0.977477    0.004724
    0.982861    0.003583
    0.987867    0.002528
    0.992472    0.001564
    0.996671    0.000690
    1.000000    0.000000
181
   -0.000207    0.002083
   -0.000173    0.001310
   -0.000087    0.000525
    0.000055   -0.000269
    0.000256   -0.001067
    0.000516   -0.001863
    0.000835   -0.002658
    0.001212   -0.003450
    0.001645   -0.004237
    0.002134   -0.005017
    0.002678   -0.005791
    0.003277   -0.006558
    0.003930   -0.007318
    0.004638   -0.008070
    0.005403   -0.008813
    0.006227   -0.009547
    0.007110   -0.010271
    0.008058   -0.010982
    0.009076   -0.011678
    0.010167   -0.012356
    0.011336   -0.013018
    0.012587   -0.013666
    0.013925   -0.014306
    0.015354   -0.014947
    0.016881   -0.015590
    0.018515   -0.016240
    0.020268   -0.016898
    0.022152   -0.017566
    0.024184   -0.018249
    0.026380   -0.018953
    0.028756   -0.019687
    0.031332   -0.020452
    0.034128   -0.021254
    0.037163   -0.022092
    0.040457   -0.022965
    0.044027   -0.023871
    0.047890   -0.024807
    0.052055   -0.025771
    0.056525   -0.026757
    0.061297   -0.027761
    0.066361   -0.028776
    0.071700   -0.029799
    0.077289   -0.030824
    0.083094   -0.031848
    0.089073   -0.032863
    0.095190   -0.033860
    0.101419   -0.034832
    0.107743   -0.035778
    0.114149   -0.036694
    0.120626   -0.037580
    0.127166   -0.038436
    0.133762   -0.039264
    0.140407   -0.040064
    0.147098   -0.040838
    0.153828   -0.041587
    0.160588   -0.042313
    0.167370   -0.043014
    0.174170   -0.043690
    0.180985   -0.044341
    0.187813   -0.044968
    0.194653   -0.045571
    0.201504   -0.046148
    0.208366   -0.046702
    0.215239   -0.047232
    0.222123   -0.047739
    0.229018   -0.048224
    0.235923   -0.048686
    0.242837   -0.049128
    0.249761   -0.049548
    0.256692   -0.049947
    0.263627   -0.050327
    0.270566   -0.050685
    0.277508   -0.051024
    0.284451   -0.051342
    0.291397   -0.051639
    0.298343   -0.051915
    0.305291   -0.052171
    0.312239   -0.052407
    0.319188   -0.052621
    0.326137   -0.052816
    0.333085   -0.052989
    0.340032   -0.053142
    0.346976   -0.053275
    0.353914   -0.053388
    0.360845   -0.053479
    0.367764   -0.053549
    0.374671   -0.053596
    0.381566   -0.053619
    0.388447   -0.053618
    0.395315   -0.053592
    0.402172   -0.053539
    0.409018   -0.053459
    0.415854   -0.053352
    0.422683   -0.053217
    0.429503   -0.053054
    0.436316   -0.052862
    0.443122   -0.052641
    0.449922   -0.052391
    0.456717   -0.052112
    0.463507   -0.051803
    0.470294   -0.051463
    0.477079   -0.051094
    0.483862   -0.050694
    0.490644   -0.050264
    0.497427   -0.049803
    0.504214   -0.049311
    0.511008   -0.048788
    0.517813   -0.048235
    0.524630   -0.047653
    0.531461   -0.047043
    0.538304   -0.046405
    0.545162   -0.045740
    0.552036   -0.045050
    0.558925   -0.044335
    0.565832   -0.043596
    0.572755   -0.042835
    0.579695   -0.042052
    0.586651   -0.041250
    0.593624   -0.040429
    0.600611   -0.039591
    0.607610   -0.038737
    0.614618   -0.037867
    0.621635   -0.036983
    0.628659   -0.036085
    0.635692   -0.035173
    0.642733   -0.034247
    0.649783   -0.033307
    0.656848   -0.032354
    0.663928   -0.031389
    0.671026   -0.030412
    0.678141   -0.029426
    0.685275   -0.028431
    0.692426   -0.027429
    0.699593   -0.026423
    0.706771   -0.025413
    0.713957   -0.024402
    0.721146   -0.023390
    0.728334   -0.022378
    0.735518   -0.021368
    0.742696   -0.020360
    0.749866   -0.019355
    0.757024   -0.018355
    0.764169   -0.017359
    0.771300   -0.016371
    0.778415   -0.015390
    0.785514   -0.014419
    0.792595   -0.013457
    0.799656   -0.012507
    0.806695   -0.011570
    0.813708   -0.010649
    0.820694   -0.009745
    0.827655   -0.008860
    0.834589   -0.007997
    0.841498   -0.007157
    0.848385   -0.006341
    0.855254   -0.005552
    0.862106   -0.004787
    0.868941   -0.004049
    0.875756   -0.003337
    0.882549   -0.002651
    0.889311   -0.001992
    0.896025   -0.001359
    0.902668   -0.000758
    0.909217   -0.000195
    0.915654    0.000323
    0.921970    0.000786
    0.928166    0.001189
    0.934244    0.001524
    0.940206    0.001790
    0.946052    0.001981
    0.951788    0.002094
    0.957417    0.002131
    0.962936    0.002095
    0.968328    0.001991
    0.973571    0.001824
    0.978640    0.001601
    0.983507    0.001330
    0.988148    0.001020
    0.992537    0.000681
    0.996654    0.000321
    1.000000    0.000000
100
    0.000000
    0.000252
    0.001007
    0.002264
    0.004023
    0.006281
    0.009036
    0.012285
    0.016026
    0.020254
    0.024964
    0.030154
    0.035816
    0.041946
    0.048537
    0.055582
    0.063075
    0.071008
    0.079373
    0.088162
    0.097365
    0.106973
    0.116978
    0.127368
    0.138133
    0.149263
    0.160745
    0.172570
    0.184724
    0.197195
    0.209972
    0.223040
    0.236387
    0.250000
    0.263864
    0.277967
    0.292292
    0.306827
    0.321557
    0.336466
    0.351540
    0.366763
    0.382121
    0.397597
    0.413176
    0.428843
    0.444581
    0.460375
    0.476209
    0.492067
    0.507933
    0.523791
    0.539625
    0.555419
    0.571157
    0.586824
    0.602403
    0.617879
    0.633237
    0.648460
    0.663534
    0.678443
    0.693173
    0.707708
    0.722033
    0.736136
    0.750000
    0.763613
    0.776960
    0.790028
    0.802805
    0.815276
    0.827430
    0.839255
    0.850737
    0.861867
    0.872632
    0.883022
    0.893027
    0.902635
    0.911838
    0.920627
    0.928992
    0.936925
    0.944418
    0.951463
    0.958054
    0.964184
    0.969846
    0.975036
    0.979746
    0.983974
    0.987715
    0.990964
    0.993719
    0.995977
    0.997736
    0.998993
    0.999748
    1.000000 
  1.         
