NACA 65(1)-412
  80.00000  10.00000   1.00000   0.00000   1.00000   1.00000   1.00000   2.00000 
181
    0.000018   -0.000579
    0.000018    0.000540
    0.000160    0.001697
    0.000443    0.002884
    0.000867    0.004096
    0.001432    0.005320
    0.002141    0.006541
    0.002993    0.007746
    0.003986    0.008924
    0.005116    0.010076
    0.006383    0.011204
    0.007790    0.012319
    0.009345    0.013432
    0.011037    0.014543
    0.012856    0.015650
    0.014814    0.016764
    0.016918    0.017895
    0.019162    0.019040
    0.021539    0.020199
    0.024050    0.021371
    0.026696    0.022559
    0.029478    0.023762
    0.032392    0.024979
    0.035433    0.026205
    0.038599    0.027441
    0.041895    0.028685
    0.045325    0.029938
    0.048888    0.031197
    0.052579    0.032459
    0.056388    0.033721
    0.060315    0.034980
    0.064364    0.036238
    0.068546    0.037496
    0.072860    0.038755
    0.077295    0.040010
    0.081837    0.041259
    0.086484    0.042498
    0.091244    0.043731
    0.096127    0.044960
    0.101132    0.046185
    0.106247    0.047401
    0.111461    0.048605
    0.116777    0.049798
    0.122201    0.050979
    0.127737    0.052149
    0.133380    0.053306
    0.139122    0.054448
    0.144962    0.055575
    0.150899    0.056685
    0.156934    0.057779
    0.163065    0.058857
    0.169289    0.059916
    0.175602    0.060956
    0.182000    0.061975
    0.188477    0.062971
    0.195026    0.063944
    0.201656    0.064893
    0.208386    0.065821
    0.215219    0.066730
    0.222114    0.067614
    0.229052    0.068471
    0.236064    0.069305
    0.243175    0.070122
    0.250360    0.070916
    0.257589    0.071687
    0.264875    0.072432
    0.272232    0.073155
    0.279642    0.073850
    0.287091    0.074515
    0.294587    0.075148
    0.302144    0.075748
    0.309760    0.076317
    0.317430    0.076852
    0.325147    0.077354
    0.332904    0.077823
    0.340695    0.078260
    0.348520    0.078663
    0.356385    0.079035
    0.364293    0.079374
    0.372240    0.079679
    0.380210    0.079947
    0.388178    0.080175
    0.396155    0.080363
    0.404171    0.080509
    0.412231    0.080611
    0.420323    0.080670
    0.428405    0.080684
    0.436455    0.080655
    0.444512    0.080580
    0.452607    0.080459
    0.460736    0.080292
    0.468868    0.080079
    0.476952    0.079820
    0.485005    0.079515
    0.493080    0.079160
    0.501179    0.078757
    0.509278    0.078304
    0.517342    0.077806
    0.525359    0.077264
    0.533367    0.076678
    0.541371    0.076049
    0.549336    0.075382
    0.557269    0.074679
    0.565207    0.073938
    0.573117    0.073164
    0.580950    0.072363
    0.588735    0.071534
    0.596518    0.070674
    0.604277    0.069786
    0.611986    0.068872
    0.619655    0.067935
    0.627288    0.066975
    0.634869    0.065993
    0.642388    0.064993
    0.649856    0.063974
    0.657276    0.062938
    0.664631    0.061888
    0.671916    0.060825
    0.679153    0.059748
    0.686354    0.058658
    0.693503    0.057557
    0.700586    0.056449
    0.707605    0.055334
    0.714563    0.054212
    0.721462    0.053084
    0.728304    0.051950
    0.735082    0.050812
    0.741786    0.049672
    0.748421    0.048529
    0.754997    0.047383
    0.761514    0.046234
    0.767958    0.045087
    0.774321    0.043943
    0.780607    0.042803
    0.786822    0.041666
    0.792974    0.040532
    0.799066    0.039401
    0.805098    0.038275
    0.811057    0.037156
    0.816931    0.036046
    0.822727    0.034944
    0.828455    0.033849
    0.834123    0.032759
    0.839724    0.031677
    0.845250    0.030604
    0.850701    0.029540
    0.856079    0.028486
    0.861390    0.027441
    0.866633    0.026406
    0.871805    0.025382
    0.876907    0.024370
    0.881938    0.023370
    0.886899    0.022383
    0.891789    0.021409
    0.896612    0.020448
    0.901370    0.019500
    0.906067    0.018565
    0.910700    0.017643
    0.915265    0.016734
    0.919761    0.015841
    0.924187    0.014961
    0.928546    0.014096
    0.932842    0.013244
    0.937076    0.012405
    0.941250    0.011579
    0.945361    0.010766
    0.949412    0.009966
    0.953402    0.009177
    0.957330    0.008401
    0.961196    0.007638
    0.965002    0.006887
    0.968750    0.006149
    0.972444    0.005421
    0.976086    0.004704
    0.979674    0.003997
    0.983205    0.003302
    0.986675    0.002619
    0.990085    0.001948
    0.993440    0.001289
    0.996744    0.000639
    1.000000    0.000000
180
    0.000018   -0.000579
    0.000159   -0.001656
    0.000442   -0.002699
    0.000866   -0.003720
    0.001433   -0.004730
    0.002145   -0.005730
    0.002994   -0.006708
    0.003980   -0.007660
    0.005115   -0.008588
    0.006387   -0.009477
    0.007790   -0.010315
    0.009337   -0.011109
    0.011029   -0.011863
    0.012861   -0.012578
    0.014829   -0.013259
    0.016933   -0.013915
    0.019173   -0.014551
    0.021548   -0.015173
    0.024058   -0.015786
    0.026700   -0.016391
    0.029475   -0.016992
    0.032381   -0.017590
    0.035418   -0.018187
    0.038588   -0.018783
    0.041890   -0.019378
    0.045327   -0.019973
    0.048895   -0.020566
    0.052587   -0.021157
    0.056398   -0.021743
    0.060325   -0.022325
    0.064371   -0.022902
    0.068544   -0.023475
    0.072844   -0.024044
    0.077269   -0.024608
    0.081814   -0.025166
    0.086474   -0.025718
    0.091250   -0.026264
    0.096140   -0.026803
    0.101144   -0.027336
    0.106256   -0.027861
    0.111471   -0.028378
    0.116786   -0.028886
    0.122208   -0.029386
    0.127747   -0.029879
    0.133402   -0.030363
    0.139161   -0.030838
    0.145012   -0.031303
    0.150949   -0.031757
    0.156969   -0.032201
    0.163075   -0.032635
    0.169280   -0.033060
    0.175594   -0.033478
    0.182006   -0.033886
    0.188497   -0.034283
    0.195061   -0.034668
    0.201703   -0.035041
    0.208423   -0.035403
    0.215217   -0.035751
    0.222083   -0.036084
    0.229033   -0.036405
    0.236078   -0.036713
    0.243200   -0.037008
    0.250377   -0.037289
    0.257602   -0.037555
    0.264875   -0.037808
    0.272205   -0.038046
    0.279606   -0.038270
    0.287077   -0.038479
    0.294604   -0.038672
    0.302180   -0.038848
    0.309796   -0.039008
    0.317450   -0.039151
    0.325150   -0.039277
    0.332896   -0.039386
    0.340685   -0.039477
    0.348516   -0.039551
    0.356386   -0.039607
    0.364289   -0.039643
    0.372223   -0.039658
    0.380188   -0.039652
    0.388187   -0.039622
    0.396205   -0.039568
    0.404230   -0.039488
    0.412274   -0.039381
    0.420342   -0.039246
    0.428410   -0.039082
    0.436472   -0.038891
    0.444558   -0.038669
    0.452668   -0.038418
    0.460762   -0.038138
    0.468849   -0.037827
    0.476961   -0.037484
    0.485072   -0.037108
    0.493137   -0.036701
    0.501182   -0.036263
    0.509239   -0.035791
    0.517290   -0.035289
    0.525320   -0.034755
    0.533352   -0.034193
    0.541378   -0.033603
    0.549347   -0.032992
    0.557263   -0.032361
    0.565182   -0.031709
    0.573095   -0.031037
    0.580951   -0.030352
    0.588749   -0.029655
    0.596516   -0.028946
    0.604255   -0.028225
    0.611955   -0.027494
    0.619618   -0.026753
    0.627247   -0.026004
    0.634835   -0.025247
    0.642371   -0.024484
    0.649848   -0.023717
    0.657262   -0.022948
    0.664616   -0.022176
    0.671916   -0.021403
    0.679163   -0.020630
    0.686358   -0.019858
    0.693503   -0.019089
    0.700599   -0.018322
    0.707641   -0.017560
    0.714608   -0.016806
    0.721499   -0.016060
    0.728330   -0.015321
    0.735115   -0.014589
    0.741829   -0.013866
    0.748451   -0.013155
    0.754996   -0.012455
    0.761498   -0.011763
    0.767958   -0.011079
    0.774345   -0.010407
    0.780639   -0.009748
    0.786850   -0.009103
    0.792996   -0.008469
    0.799079   -0.007848
    0.805093   -0.007240
    0.811036   -0.006647
    0.816912   -0.006069
    0.822726   -0.005507
    0.828475   -0.004961
    0.834151   -0.004432
    0.839749   -0.003922
    0.845271   -0.003431
    0.850722   -0.002958
    0.856104   -0.002502
    0.861415   -0.002064
    0.866650   -0.001643
    0.871811   -0.001238
    0.876901   -0.000849
    0.881928   -0.000475
    0.886891   -0.000117
    0.891787    0.000224
    0.896613    0.000549
    0.901371    0.000856
    0.906062    0.001144
    0.910689    0.001413
    0.915253    0.001659
    0.919754    0.001882
    0.924191    0.002080
    0.928561    0.002251
    0.932865    0.002394
    0.937100    0.002508
    0.941267    0.002592
    0.945369    0.002645
    0.949412    0.002666
    0.953400    0.002655
    0.957333    0.002613
    0.961207    0.002539
    0.965020    0.002435
    0.968770    0.002301
    0.972461    0.002138
    0.976094    0.001948
    0.979672    0.001733
    0.983196    0.001493
    0.986666    0.001231
    0.990082    0.000948
    0.993444    0.000647
    0.996750    0.000331
    1.000000    0.000000
100
    0.000000
    0.000252
    0.001007
    0.002264
    0.004023
    0.006281
    0.009036
    0.012285
    0.016026
    0.020254
    0.024964
    0.030154
    0.035816
    0.041946
    0.048537
    0.055582
    0.063075
    0.071008
    0.079373
    0.088162
    0.097365
    0.106973
    0.116978
    0.127368
    0.138133
    0.149263
    0.160745
    0.172570
    0.184724
    0.197195
    0.209972
    0.223040
    0.236387
    0.250000
    0.263864
    0.277967
    0.292292
    0.306827
    0.321557
    0.336466
    0.351540
    0.366763
    0.382121
    0.397597
    0.413176
    0.428843
    0.444581
    0.460375
    0.476209
    0.492067
    0.507933
    0.523791
    0.539625
    0.555419
    0.571157
    0.586824
    0.602403
    0.617879
    0.633237
    0.648460
    0.663534
    0.678443
    0.693173
    0.707708
    0.722033
    0.736136
    0.750000
    0.763613
    0.776960
    0.790028
    0.802805
    0.815276
    0.827430
    0.839255
    0.850737
    0.861867
    0.872632
    0.883022
    0.893027
    0.902635
    0.911838
    0.920627
    0.928992
    0.936925
    0.944418
    0.951463
    0.958054
    0.964184
    0.969846
    0.975036
    0.979746
    0.983974
    0.987715
    0.990964
    0.993719
    0.995977
    0.997736
    0.998993
    0.999748
    1.000000 
  1.         
