NASA NLF(1)-0416
 180.00000  10.00000   1.00000   0.00000   1.00000   1.00000   1.00000   2.00000 
32
    0.000490    0.004030
    0.005090    0.014460
    0.013930    0.025730
    0.026870    0.037290
    0.043830    0.048700
    0.064710    0.059640
    0.089360    0.069840
    0.117610    0.079040
    0.149250    0.087070
    0.184040    0.093740
    0.221690    0.098920
    0.261870    0.102470
    0.304220    0.104250
    0.348390    0.104050
    0.394380    0.101620
    0.442270    0.097290
    0.491720    0.091660
    0.542040    0.085150
    0.592560    0.078010
    0.642620    0.070470
    0.691550    0.062720
    0.738720    0.054930
    0.783500    0.047240
    0.825300    0.039770
    0.863570    0.032650
    0.897790    0.025940
    0.927490    0.019740
    0.952240    0.014000
    0.971970    0.008620
    0.986860    0.003980
    0.996560    0.000980
    1.000000    0.000000
30
    0.000490    0.004030
    0.000730   -0.004390
    0.007090   -0.011540
    0.019560   -0.018830
    0.037080   -0.025940
    0.059330   -0.032540
    0.086090   -0.038470
    0.117080   -0.043610
    0.152000   -0.047870
    0.190500   -0.051210
    0.232180   -0.053570
    0.276590   -0.054940
    0.323260   -0.055290
    0.371670   -0.054620
    0.421270   -0.052910
    0.471500   -0.050090
    0.521750   -0.046140
    0.571220   -0.040630
    0.620190   -0.032500
    0.670140   -0.022310
    0.721070   -0.012210
    0.771560   -0.003640
    0.820120    0.002780
    0.865360    0.006670
    0.905760    0.007920
    0.939780    0.006960
    0.966380    0.004780
    0.985200    0.002420
    0.996330    0.000650
    1.000000    0.000000
100
    0.000000
    0.000252
    0.001007
    0.002264
    0.004023
    0.006281
    0.009036
    0.012285
    0.016026
    0.020254
    0.024964
    0.030154
    0.035816
    0.041946
    0.048537
    0.055582
    0.063075
    0.071008
    0.079373
    0.088162
    0.097365
    0.106973
    0.116978
    0.127368
    0.138133
    0.149263
    0.160745
    0.172570
    0.184724
    0.197195
    0.209972
    0.223040
    0.236387
    0.250000
    0.263864
    0.277967
    0.292292
    0.306827
    0.321557
    0.336466
    0.351540
    0.366763
    0.382121
    0.397597
    0.413176
    0.428843
    0.444581
    0.460375
    0.476209
    0.492067
    0.507933
    0.523791
    0.539625
    0.555419
    0.571157
    0.586824
    0.602403
    0.617879
    0.633237
    0.648460
    0.663534
    0.678443
    0.693173
    0.707708
    0.722033
    0.736136
    0.750000
    0.763613
    0.776960
    0.790028
    0.802805
    0.815276
    0.827430
    0.839255
    0.850737
    0.861867
    0.872632
    0.883022
    0.893027
    0.902635
    0.911838
    0.920627
    0.928992
    0.936925
    0.944418
    0.951463
    0.958054
    0.964184
    0.969846
    0.975036
    0.979746
    0.983974
    0.987715
    0.990964
    0.993719
    0.995977
    0.997736
    0.998993
    0.999748
    1.000000 
  1.         
