NASA NLF(1)-0416
1.0000000 -0.0000140
0.9976605 0.0007099
0.9952958 0.0014348
0.9929051 0.0021602
0.9904879 0.0028861
0.9880434 0.0036120
0.9855712 0.0043379
0.9830706 0.0050633
0.9805414 0.0057881
0.9779831 0.0065120
0.9753954 0.0072348
0.9727779 0.0079562
0.9701303 0.0086761
0.9674523 0.0093942
0.9647438 0.0101105
0.9620047 0.0108249
0.9592347 0.0115372
0.9564338 0.0122475
0.9536018 0.0129556
0.9507386 0.0136614
0.9478439 0.0143649
0.9449176 0.0150663
0.9419596 0.0157656
0.9389695 0.0164629
0.9359473 0.0171584
0.9328927 0.0178522
0.9298056 0.0185444
0.9266858 0.0192350
0.9235330 0.0199243
0.9203471 0.0206124
0.9171280 0.0212996
0.9138753 0.0219860
0.9105890 0.0226719
0.9072689 0.0233575
0.9039148 0.0240430
0.9005264 0.0247285
0.8971036 0.0254145
0.8936463 0.0261009
0.8901540 0.0267881
0.8866266 0.0274763
0.8830637 0.0281657
0.8794651 0.0288565
0.8758303 0.0295490
0.8721592 0.0302433
0.8684515 0.0309397
0.8647068 0.0316384
0.8609250 0.0323396
0.8571058 0.0330434
0.8532496 0.0337500
0.8493566 0.0344593
0.8454267 0.0351715
0.8414603 0.0358865
0.8374575 0.0366046
0.8334185 0.0373256
0.8293434 0.0380497
0.8252324 0.0387770
0.8210856 0.0395076
0.8169029 0.0402413
0.8126840 0.0409784
0.8084289 0.0417188
0.8041373 0.0424626
0.7998090 0.0432098
0.7954438 0.0439605
0.7910416 0.0447147
0.7866021 0.0454724
0.7821251 0.0462337
0.7776107 0.0469986
0.7730593 0.0477669
0.7684713 0.0485385
0.7638472 0.0493133
0.7591874 0.0500911
0.7544924 0.0508718
0.7497627 0.0516552
0.7449987 0.0524412
0.7402008 0.0532298
0.7353695 0.0540206
0.7305052 0.0548137
0.7256081 0.0556088
0.7206784 0.0564059
0.7157164 0.0572049
0.7107224 0.0580055
0.7056966 0.0588078
0.7006393 0.0596116
0.6955506 0.0604168
0.6904310 0.0612232
0.6852806 0.0620307
0.6801000 0.0628392
0.6748897 0.0636485
0.6696501 0.0644585
0.6643818 0.0652690
0.6590854 0.0660798
0.6537612 0.0668909
0.6484098 0.0677019
0.6430318 0.0685128
0.6376276 0.0693235
0.6321980 0.0701336
0.6267438 0.0709430
0.6212658 0.0717513
0.6157649 0.0725584
0.6102418 0.0733639
0.6046974 0.0741677
0.5991325 0.0749694
0.5935479 0.0757688
0.5879444 0.0765656
0.5823227 0.0773596
0.5766834 0.0781503
0.5710270 0.0789375
0.5653544 0.0797207
0.5596659 0.0804996
0.5539623 0.0812739
0.5482441 0.0820432
0.5425121 0.0828071
0.5367667 0.0835653
0.5310089 0.0843172
0.5252396 0.0850621
0.5194599 0.0857995
0.5136707 0.0865286
0.5078729 0.0872489
0.5020676 0.0879596
0.4962558 0.0886602
0.4904383 0.0893499
0.4846162 0.0900282
0.4787908 0.0906942
0.4729631 0.0913470
0.4671344 0.0919858
0.4613058 0.0926098
0.4554787 0.0932182
0.4496540 0.0938100
0.4438331 0.0943845
0.4380171 0.0949408
0.4322065 0.0954781
0.4264017 0.0959955
0.4206028 0.0964923
0.4148100 0.0969674
0.4090236 0.0974202
0.4032436 0.0978498
0.3974705 0.0982552
0.3917042 0.0986358
0.3859458 0.0989907
0.3801973 0.0993193
0.3744606 0.0996209
0.3687377 0.0998950
0.3630308 0.1001410
0.3573418 0.1003582
0.3516728 0.1005459
0.3460257 0.1007036
0.3404019 0.1008308
0.3348008 0.1009272
0.3292221 0.1009925
0.3236651 0.1010265
0.3181294 0.1010289
0.3126145 0.1009994
0.3071199 0.1009379
0.3016451 0.1008441
0.2961906 0.1007178
0.2907586 0.1005592
0.2853514 0.1003686
0.2799712 0.1001462
0.2746203 0.0998921
0.2693011 0.0996065
0.2640157 0.0992897
0.2587665 0.0989418
0.2535545 0.0985630
0.2483794 0.0981539
0.2432406 0.0977145
0.2381380 0.0972453
0.2330709 0.0967466
0.2280391 0.0962188
0.2230421 0.0956621
0.2180795 0.0950768
0.2131520 0.0944635
0.2082613 0.0938227
0.2034087 0.0931549
0.1985958 0.0924608
0.1938243 0.0917408
0.1890955 0.0909955
0.1844112 0.0902256
0.1797727 0.0894315
0.1751809 0.0886136
0.1706364 0.0877724
0.1661396 0.0869081
0.1616912 0.0860212
0.1572916 0.0851119
0.1529415 0.0841806
0.1486412 0.0832277
0.1443914 0.0822536
0.1401924 0.0812582
0.1360446 0.0802416
0.1319483 0.0792040
0.1279038 0.0781454
0.1239116 0.0770657
0.1199719 0.0759652
0.1160852 0.0748438
0.1122519 0.0737016
0.1084729 0.0725391
0.1047494 0.0713567
0.1010822 0.0701547
0.0974723 0.0689336
0.0939207 0.0676937
0.0904284 0.0664354
0.0869963 0.0651591
0.0836252 0.0638653
0.0803151 0.0625544
0.0770663 0.0612268
0.0738791 0.0598829
0.0707536 0.0585231
0.0676900 0.0571480
0.0646886 0.0557579
0.0617496 0.0543532
0.0588735 0.0529351
0.0560610 0.0515045
0.0533127 0.0500626
0.0506294 0.0486107
0.0480115 0.0471497
0.0454599 0.0456810
0.0429752 0.0442056
0.0405578 0.0427247
0.0382081 0.0412394
0.0359260 0.0397509
0.0337117 0.0382602
0.0315653 0.0367685
0.0294869 0.0352770
0.0274766 0.0337867
0.0255344 0.0322989
0.0236607 0.0308147
0.0218559 0.0293354
0.0201204 0.0278624
0.0184548 0.0263971
0.0168593 0.0249409
0.0153346 0.0234950
0.0138810 0.0220608
0.0124990 0.0206396
0.0111889 0.0192326
0.0099508 0.0178406
0.0087846 0.0164644
0.0076907 0.0151049
0.0066691 0.0137629
0.0057198 0.0124394
0.0048430 0.0111352
0.0040389 0.0098511
0.0033074 0.0085874
0.0026487 0.0073442
0.0020629 0.0061214
0.0015500 0.0049191
0.0011101 0.0037371
0.0007433 0.0025757
0.0004498 0.0014347
0.0002295 0.0003141
0.0000826 -0.0007861
0.0000092 -0.0018658
0.0000092 -0.0029251
0.0000828 -0.0039644
0.0002297 -0.0049844
0.0004498 -0.0059860
0.0007431 -0.0069699
0.0011094 -0.0079372
0.0015488 -0.0088887
0.0020611 -0.0098253
0.0026464 -0.0107479
0.0033046 -0.0116573
0.0040356 -0.0125546
0.0048395 -0.0134407
0.0057160 -0.0143163
0.0066653 -0.0151824
0.0076872 -0.0160398
0.0087815 -0.0168891
0.0099479 -0.0177306
0.0111862 -0.0185647
0.0124962 -0.0193919
0.0138775 -0.0202126
0.0153299 -0.0210272
0.0168532 -0.0218362
0.0184471 -0.0226398
0.0201114 -0.0234386
0.0218458 -0.0242328
0.0236500 -0.0250225
0.0255238 -0.0258078
0.0274671 -0.0265887
0.0294795 -0.0273654
0.0315607 -0.0281380
0.0337107 -0.0289065
0.0359290 -0.0296711
0.0382155 -0.0304319
0.0405697 -0.0311886
0.0429910 -0.0319410
0.0454786 -0.0326887
0.0480320 -0.0334315
0.0506506 -0.0341690
0.0533336 -0.0349009
0.0560805 -0.0356269
0.0588906 -0.0363467
0.0617634 -0.0370599
0.0646987 -0.0377662
0.0676966 -0.0384653
0.0707568 -0.0391568
0.0738796 -0.0398403
0.0770647 -0.0405155
0.0803122 -0.0411821
0.0836221 -0.0418396
0.0869943 -0.0424878
0.0904283 -0.0431262
0.0939231 -0.0437545
0.0974774 -0.0443721
0.1010902 -0.0449788
0.1047603 -0.0455739
0.1084865 -0.0461572
0.1122676 -0.0467282
0.1161026 -0.0472864
0.1199903 -0.0478316
0.1239303 -0.0483634
0.1279226 -0.0488818
0.1319669 -0.0493867
0.1360631 -0.0498781
0.1402111 -0.0503558
0.1444108 -0.0508197
0.1486621 -0.0512699
0.1529647 -0.0517061
0.1573183 -0.0521284
0.1617219 -0.0525366
0.1661743 -0.0529308
0.1706745 -0.0533108
0.1752215 -0.0536768
0.1798141 -0.0540286
0.1844514 -0.0543661
0.1891321 -0.0546895
0.1938554 -0.0549985
0.1986203 -0.0552934
0.2034263 -0.0555741
0.2082726 -0.0558408
0.2131585 -0.0560936
0.2180835 -0.0563325
0.2230469 -0.0565577
0.2280479 -0.0567692
0.2330859 -0.0569672
0.2381602 -0.0571517
0.2432701 -0.0573228
0.2484150 -0.0574806
0.2535940 -0.0576251
0.2588064 -0.0577565
0.2640516 -0.0578747
0.2693288 -0.0579800
0.2746373 -0.0580723
0.2799763 -0.0581517
0.2853450 -0.0582182
0.2907421 -0.0582720
0.2961667 -0.0583129
0.3016176 -0.0583410
0.3070938 -0.0583563
0.3125940 -0.0583588
0.3181173 -0.0583485
0.3236626 -0.0583254
0.3292287 -0.0582895
0.3348151 -0.0582408
0.3404209 -0.0581790
0.3460456 -0.0581041
0.3516885 -0.0580160
0.3573488 -0.0579145
0.3630259 -0.0577995
0.3687190 -0.0576710
0.3744276 -0.0575287
0.3801509 -0.0573724
0.3858881 -0.0572019
0.3916384 -0.0570166
0.3974012 -0.0568163
0.4031756 -0.0566006
0.4089609 -0.0563692
0.4147563 -0.0561216
0.4205611 -0.0558575
0.4263743 -0.0555765
0.4321947 -0.0552781
0.4380207 -0.0549618
0.4438506 -0.0546271
0.4496831 -0.0542732
0.4555164 -0.0538998
0.4613492 -0.0535063
0.4671797 -0.0530921
0.4730065 -0.0526567
0.4788284 -0.0521995
0.4846451 -0.0517202
0.4904563 -0.0512183
0.4962618 -0.0506934
0.5020611 -0.0501451
0.5078542 -0.0495729
0.5136407 -0.0489764
0.5194203 -0.0483551
0.5251928 -0.0477088
0.5309573 -0.0470374
0.5367129 -0.0463415
0.5424586 -0.0456212
0.5481932 -0.0448773
0.5539158 -0.0441099
0.5596253 -0.0433196
0.5653205 -0.0425068
0.5710006 -0.0416719
0.5766644 -0.0408155
0.5823111 -0.0399386
0.5879397 -0.0390426
0.5935495 -0.0381287
0.5991394 -0.0371982
0.6047086 -0.0362523
0.6102562 -0.0352924
0.6157814 -0.0343197
0.6212833 -0.0333354
0.6267610 -0.0323410
0.6322142 -0.0313378
0.6376423 -0.0303273
0.6430449 -0.0293110
0.6484215 -0.0282903
0.6537717 -0.0272666
0.6590950 -0.0262415
0.6643910 -0.0252164
0.6696592 -0.0241927
0.6748991 -0.0231719
0.6801102 -0.0221552
0.6852919 -0.0211438
0.6904438 -0.0201388
0.6955651 -0.0191413
0.7006555 -0.0181527
0.7057142 -0.0171740
0.7107409 -0.0162064
0.7157348 -0.0152510
0.7206955 -0.0143091
0.7256225 -0.0133817
0.7305155 -0.0124696
0.7353745 -0.0115733
0.7401993 -0.0106935
0.7449898 -0.0098307
0.7497460 -0.0089856
0.7544678 -0.0081587
0.7591549 -0.0073508
0.7638074 -0.0065623
0.7684250 -0.0057939
0.7730078 -0.0050462
0.7775554 -0.0043196
0.7820679 -0.0036143
0.7865449 -0.0029306
0.7909862 -0.0022685
0.7953917 -0.0016283
0.7997611 -0.0010102
0.8040943 -0.0004143
0.8083910 0.0001592
0.8126511 0.0007100
0.8168742 0.0012382
0.8210603 0.0017433
0.8252092 0.0022255
0.8293210 0.0026847
0.8333957 0.0031211
0.8374335 0.0035350
0.8414344 0.0039263
0.8453985 0.0042954
0.8493259 0.0046422
0.8532167 0.0049670
0.8570709 0.0052699
0.8608886 0.0055511
0.8646700 0.0058106
0.8684150 0.0060487
0.8721239 0.0062656
0.8757970 0.0064616
0.8794343 0.0066370
0.8830361 0.0067921
0.8866027 0.0069271
0.8901342 0.0070424
0.8936308 0.0071382
0.8970928 0.0072148
0.9005204 0.0072726
0.9039137 0.0073118
0.9072730 0.0073326
0.9105985 0.0073355
0.9138900 0.0073208
0.9171476 0.0072888
0.9203714 0.0072400
0.9235613 0.0071745
0.9267173 0.0070929
0.9298395 0.0069954
0.9329278 0.0068824
0.9359823 0.0067543
0.9390029 0.0066115
0.9419898 0.0064542
0.9449432 0.0062828
0.9478638 0.0060977
0.9507521 0.0058990
0.9536086 0.0056873
0.9564339 0.0054627
0.9592285 0.0052257
0.9619930 0.0049764
0.9647280 0.0047152
0.9674339 0.0044425
0.9701111 0.0041586
0.9727595 0.0038638
0.9753790 0.0035585
0.9779696 0.0032431
0.9805313 0.0029178
0.9830639 0.0025831
0.9855675 0.0022394
0.9880420 0.0018869
0.9904881 0.0015258
0.9929064 0.0011565
0.9952974 0.0007791
0.9976617 0.0003939
1.0000000 0.0000010