RAE 2822 AIRFOIL
 180.00000  10.00000   1.00000   0.00000   1.00000   1.00000   1.00000   2.00000 
65
    0.000000    0.000000
    0.000602    0.003165
    0.002408    0.006306
    0.005412    0.009416
    0.009607    0.012480
    0.014984    0.015489
    0.021530    0.018441
    0.029228    0.021348
    0.038060    0.024219
    0.048005    0.027062
    0.059039    0.029874
    0.071136    0.032644
    0.084265    0.035360
    0.098396    0.038011
    0.113495    0.040585
    0.129524    0.043071
    0.146447    0.045457
    0.164221    0.047729
    0.182803    0.049874
    0.202150    0.051885
    0.222215    0.053753
    0.242949    0.055470
    0.264302    0.057026
    0.286222    0.058414
    0.308658    0.059629
    0.331555    0.060660
    0.354858    0.061497
    0.378510    0.062133
    0.402455    0.062562
    0.426635    0.062779
    0.450991    0.062774
    0.475466    0.062530
    0.500000    0.062029
    0.524534    0.061254
    0.549009    0.060194
    0.573365    0.058845
    0.597545    0.057218
    0.621490    0.055344
    0.645142    0.053258
    0.668445    0.050993
    0.691342    0.048575
    0.713778    0.046029
    0.735698    0.043377
    0.757051    0.040641
    0.777785    0.037847
    0.797850    0.035017
    0.817197    0.032176
    0.835779    0.029347
    0.853553    0.026554
    0.870476    0.023817
    0.886505    0.021153
    0.901604    0.018580
    0.915735    0.016113
    0.928864    0.013769
    0.940961    0.011562
    0.951995    0.009508
    0.961940    0.007622
    0.970772    0.005915
    0.978470    0.004401
    0.985016    0.003092
    0.990393    0.002001
    0.994588    0.001137
    0.997592    0.000510
    0.999398    0.000128
    1.000000    0.000000
65
    0.000000    0.000000
    0.000602   -0.003160
    0.002408   -0.006308
    0.005412   -0.009443
    0.009607   -0.012559
    0.014984   -0.015649
    0.021530   -0.018707
    0.029228   -0.021722
    0.038060   -0.024685
    0.048005   -0.027586
    0.059039   -0.030416
    0.071136   -0.033170
    0.084265   -0.035843
    0.098396   -0.038431
    0.113495   -0.040929
    0.129524   -0.043326
    0.146447   -0.045610
    0.164221   -0.047773
    0.182803   -0.049805
    0.202150   -0.051694
    0.222215   -0.053427
    0.242949   -0.054994
    0.264302   -0.056376
    0.286222   -0.057547
    0.308658   -0.058459
    0.331555   -0.059046
    0.354858   -0.059236
    0.378510   -0.058974
    0.402455   -0.058224
    0.426635   -0.056979
    0.450991   -0.055257
    0.475466   -0.053099
    0.500000   -0.050563
    0.524534   -0.047719
    0.549009   -0.044642
    0.573365   -0.041397
    0.597545   -0.038043
    0.621490   -0.034631
    0.645142   -0.031207
    0.668445   -0.027814
    0.691342   -0.024495
    0.713778   -0.021289
    0.735698   -0.018232
    0.757051   -0.015357
    0.777785   -0.012690
    0.797850   -0.010244
    0.817197   -0.008027
    0.835779   -0.006048
    0.853553   -0.004314
    0.870476   -0.002829
    0.886505   -0.001592
    0.901604   -0.000600
    0.915735    0.000157
    0.928864    0.000694
    0.940961    0.001033
    0.951995    0.001197
    0.961940    0.001212
    0.970772    0.001112
    0.978470    0.000935
    0.985016    0.000719
    0.990393    0.000497
    0.994588    0.000296
    0.997592    0.000137
    0.999398    0.000035
    1.000000    0.000000
100
    0.000000
    0.000252
    0.001007
    0.002264
    0.004023
    0.006281
    0.009036
    0.012285
    0.016026
    0.020254
    0.024964
    0.030154
    0.035816
    0.041946
    0.048537
    0.055582
    0.063075
    0.071008
    0.079373
    0.088162
    0.097365
    0.106973
    0.116978
    0.127368
    0.138133
    0.149263
    0.160745
    0.172570
    0.184724
    0.197195
    0.209972
    0.223040
    0.236387
    0.250000
    0.263864
    0.277967
    0.292292
    0.306827
    0.321557
    0.336466
    0.351540
    0.366763
    0.382121
    0.397597
    0.413176
    0.428843
    0.444581
    0.460375
    0.476209
    0.492067
    0.507933
    0.523791
    0.539625
    0.555419
    0.571157
    0.586824
    0.602403
    0.617879
    0.633237
    0.648460
    0.663534
    0.678443
    0.693173
    0.707708
    0.722033
    0.736136
    0.750000
    0.763613
    0.776960
    0.790028
    0.802805
    0.815276
    0.827430
    0.839255
    0.850737
    0.861867
    0.872632
    0.883022
    0.893027
    0.902635
    0.911838
    0.920627
    0.928992
    0.936925
    0.944418
    0.951463
    0.958054
    0.964184
    0.969846
    0.975036
    0.979746
    0.983974
    0.987715
    0.990964
    0.993719
    0.995977
    0.997736
    0.998993
    0.999748
    1.000000 
  1.         
