NASA SC(2)-0714 AIRFOIL
  180.00000  100.00000   0.00000   0.00000   0.00000   0.00000   0.00000   0.00000 
103
    0.000000    0.000000
    0.002000    0.010770
    0.005000    0.016580
    0.010000    0.022400
    0.020000    0.029600
    0.030000    0.034600
    0.040000    0.038300
    0.050000    0.041400
    0.060000    0.044000
    0.070000    0.046300
    0.080000    0.048400
    0.090000    0.050200
    0.100000    0.051900
    0.110000    0.053500
    0.120000    0.054900
    0.130000    0.056200
    0.140000    0.057400
    0.150000    0.058600
    0.160000    0.059700
    0.170000    0.060700
    0.180000    0.061600
    0.190000    0.062500
    0.200000    0.063300
    0.210000    0.064100
    0.220000    0.064800
    0.230000    0.065400
    0.240000    0.066000
    0.250000    0.066500
    0.260000    0.067000
    0.270000    0.067500
    0.280000    0.067900
    0.290000    0.068300
    0.300000    0.068600
    0.310000    0.068900
    0.320000    0.069200
    0.330000    0.069400
    0.340000    0.069600
    0.350000    0.069700
    0.360000    0.069800
    0.370000    0.069900
    0.380000    0.069900
    0.390000    0.069900
    0.400000    0.069900
    0.410000    0.069800
    0.420000    0.069700
    0.430000    0.069600
    0.440000    0.069500
    0.450000    0.069300
    0.460000    0.069100
    0.470000    0.068900
    0.480000    0.068600
    0.490000    0.068300
    0.500000    0.068000
    0.510000    0.067600
    0.520000    0.067200
    0.530000    0.066800
    0.540000    0.066300
    0.550000    0.065800
    0.560000    0.065300
    0.570000    0.064700
    0.580000    0.064100
    0.590000    0.063500
    0.600000    0.062800
    0.610000    0.062100
    0.620000    0.061300
    0.630000    0.060500
    0.640000    0.059700
    0.650000    0.058800
    0.660000    0.057900
    0.670000    0.056900
    0.680000    0.055900
    0.690000    0.054800
    0.700000    0.053700
    0.710000    0.052500
    0.720000    0.051300
    0.730000    0.050000
    0.740000    0.048700
    0.750000    0.047300
    0.760000    0.045800
    0.770000    0.044300
    0.780000    0.042700
    0.790000    0.041100
    0.800000    0.039400
    0.810000    0.037600
    0.820000    0.035800
    0.830000    0.033900
    0.840000    0.031900
    0.850000    0.029900
    0.860000    0.027800
    0.870000    0.025600
    0.880000    0.023400
    0.890000    0.021100
    0.900000    0.018700
    0.910000    0.016200
    0.920000    0.013700
    0.930000    0.011100
    0.940000    0.008400
    0.950000    0.005600
    0.960000    0.002700
    0.970000   -0.000200
    0.980000   -0.003200
    0.990000   -0.006300
    1.000000   -0.009500
103
    0.000000    0.000000
    0.002000   -0.010770
    0.005000   -0.016580
    0.010000   -0.022400
    0.020000   -0.029600
    0.030000   -0.034500
    0.040000   -0.038200
    0.050000   -0.041300
    0.060000   -0.043900
    0.070000   -0.046200
    0.080000   -0.048300
    0.090000   -0.050100
    0.100000   -0.051800
    0.110000   -0.053400
    0.120000   -0.054900
    0.130000   -0.056200
    0.140000   -0.057400
    0.150000   -0.058600
    0.160000   -0.059700
    0.170000   -0.060700
    0.180000   -0.061600
    0.190000   -0.062500
    0.200000   -0.063300
    0.210000   -0.064100
    0.220000   -0.064800
    0.230000   -0.065500
    0.240000   -0.066100
    0.250000   -0.066700
    0.260000   -0.067200
    0.270000   -0.067700
    0.280000   -0.068100
    0.290000   -0.068500
    0.300000   -0.068800
    0.310000   -0.069100
    0.320000   -0.069300
    0.330000   -0.069500
    0.340000   -0.069600
    0.350000   -0.069700
    0.360000   -0.069700
    0.370000   -0.069700
    0.380000   -0.069600
    0.390000   -0.069500
    0.400000   -0.069300
    0.410000   -0.069100
    0.420000   -0.068800
    0.430000   -0.068500
    0.440000   -0.068100
    0.450000   -0.067700
    0.460000   -0.067200
    0.470000   -0.066700
    0.480000   -0.066100
    0.490000   -0.065400
    0.500000   -0.064600
    0.510000   -0.063700
    0.520000   -0.062700
    0.530000   -0.061600
    0.540000   -0.060400
    0.550000   -0.059100
    0.560000   -0.057700
    0.570000   -0.056200
    0.580000   -0.054600
    0.590000   -0.052900
    0.600000   -0.051100
    0.610000   -0.049200
    0.620000   -0.047300
    0.630000   -0.045300
    0.640000   -0.043300
    0.650000   -0.041200
    0.660000   -0.039100
    0.670000   -0.037000
    0.680000   -0.034800
    0.690000   -0.032600
    0.700000   -0.030400
    0.710000   -0.028200
    0.720000   -0.026000
    0.730000   -0.023800
    0.740000   -0.021600
    0.750000   -0.019400
    0.760000   -0.017300
    0.770000   -0.015200
    0.780000   -0.013200
    0.790000   -0.011300
    0.800000   -0.009500
    0.810000   -0.007900
    0.820000   -0.006400
    0.830000   -0.005000
    0.840000   -0.003800
    0.850000   -0.002800
    0.860000   -0.002000
    0.870000   -0.001400
    0.880000   -0.001000
    0.890000   -0.000800
    0.900000   -0.000900
    0.910000   -0.001200
    0.920000   -0.001700
    0.930000   -0.002500
    0.940000   -0.003600
    0.950000   -0.005000
    0.960000   -0.006700
    0.970000   -0.008700
    0.980000   -0.011000
    0.990000   -0.013600
    1.000000   -0.016500
99
    0.000000
    0.000257
    0.001027
    0.002310
    0.004105
    0.006409
    0.009220
    0.012536
    0.016353
    0.020666
    0.025472
    0.030766
    0.036542
    0.042794
    0.049516
    0.056700
    0.064341
    0.072429
    0.080956
    0.089914
    0.099293
    0.109084
    0.119277
    0.129861
    0.140825
    0.152159
    0.163850
    0.175886
    0.188255
    0.200945
    0.213942
    0.227233
    0.240804
    0.254641
    0.268731
    0.283058
    0.297608
    0.312366
    0.327317
    0.342446
    0.357736
    0.373173
    0.388740
    0.404421
    0.420200
    0.436061
    0.451988
    0.467965
    0.483974
    0.500000
    0.516026
    0.532035
    0.548012
    0.563939
    0.579800
    0.595579
    0.611260
    0.626827
    0.642264
    0.657554
    0.672683
    0.687634
    0.702392
    0.716942
    0.731269
    0.745359
    0.759196
    0.772767
    0.786058
    0.799055
    0.811745
    0.824114
    0.836150
    0.847841
    0.859175
    0.870139
    0.880723
    0.890916
    0.900707
    0.910086
    0.919044
    0.927571
    0.935659
    0.943300
    0.950484
    0.957206
    0.963458
    0.969234
    0.974528
    0.979334
    0.983647
    0.987464
    0.990780
    0.993591
    0.995895
    0.997690
    0.998973
    0.999743
    1.000000 
  1.         
