NASA SC(2)-0714 AIRFOIL
    1.000000     -0.9500000E-02
   0.9906523     -0.6505619E-02
   0.9785778     -0.2766629E-02
   0.9651828      0.1201700E-02
   0.9506197      0.5422287E-02
   0.9351159      0.9730067E-02
   0.9189103      0.1397556E-01
   0.9022427      0.1814442E-01
   0.8852844      0.2219849E-01
   0.8681210      0.2601418E-01
   0.8508803      0.2972050E-01
   0.8335379      0.3319735E-01
   0.8162215      0.3648502E-01
   0.7989029      0.3959306E-01
   0.7816952      0.4242901E-01
   0.7646053      0.4511552E-01
   0.7475556      0.4765482E-01
   0.7305829      0.4992407E-01
   0.7137571      0.5205336E-01
   0.6970240      0.5403466E-01
   0.6802929      0.5586917E-01
   0.6634741      0.5755995E-01
   0.6464540      0.5912261E-01
   0.6290748      0.6057248E-01
   0.6113644      0.6199669E-01
   0.5936104      0.6325400E-01
   0.5755403      0.6436327E-01
   0.5571629      0.6545008E-01
   0.5385515      0.6637509E-01
   0.5199031      0.6720372E-01
   0.5011276      0.6795953E-01
   0.4823295      0.6852714E-01
   0.4635510      0.6903552E-01
   0.4446901      0.6941495E-01
   0.4258810      0.6963945E-01
   0.4069734      0.6983518E-01
   0.3882825      0.6989759E-01
   0.3696603      0.6989821E-01
   0.3512174      0.6971028E-01
   0.3331155      0.6946536E-01
   0.3152050      0.6906541E-01
   0.2972090      0.6852197E-01
   0.2794477      0.6787804E-01
   0.2617476      0.6709091E-01
   0.2439794      0.6620840E-01
   0.2265141      0.6519285E-01
   0.2092967      0.6404565E-01
   0.1923176      0.6269247E-01
   0.1756214      0.6120941E-01
   0.1592228      0.5961815E-01
   0.1433353      0.5780293E-01
   0.1281825      0.5597214E-01
   0.1140148      0.5408175E-01
   0.1010759      0.5207923E-01
   0.8929888E-01  0.5007915E-01
   0.7887579E-01  0.4817924E-01
   0.6964045E-01  0.4622040E-01
   0.6141334E-01  0.4433835E-01
   0.5413134E-01  0.4252657E-01
   0.4766000E-01  0.4072052E-01
   0.4185037E-01  0.3890980E-01
   0.3660823E-01  0.3713930E-01
   0.3189007E-01  0.3537627E-01
   0.2763605E-01  0.3355756E-01
   0.2377199E-01  0.3167158E-01
   0.2024169E-01  0.2973988E-01
   0.1701419E-01  0.2777791E-01
   0.1408926E-01  0.2577191E-01
   0.1146333E-01  0.2370309E-01
   0.9125892E-02  0.2155643E-01
   0.7071406E-02  0.1932788E-01
   0.5301553E-02  0.1702273E-01
   0.3814828E-02  0.1464474E-01
   0.2596430E-02  0.1221199E-01
   0.1631116E-02  0.9753331E-02
   0.9047591E-03  0.7298650E-02
   0.4002871E-03  0.4865410E-02
   0.1020305E-03  0.2456243E-02
   0.6630041E-07  0.6278097E-04
   0.9203422E-04 -0.2332037E-02
   0.3808832E-03 -0.4745632E-02
   0.8770895E-03 -0.7186793E-02
   0.1596985E-02 -0.9652935E-02
   0.2558159E-02 -0.1212583E-01
   0.3774678E-02 -0.1457336E-01
   0.5261419E-02 -0.1696458E-01
   0.7033491E-02 -0.1928109E-01
   0.9091959E-02 -0.2152119E-01
   0.1143345E-01 -0.2368138E-01
   0.1406235E-01 -0.2576301E-01
   0.1699043E-01 -0.2777499E-01
   0.2022561E-01 -0.2972894E-01
   0.2377559E-01 -0.3163542E-01
   0.2767296E-01 -0.3349270E-01
   0.3196697E-01 -0.3529934E-01
   0.3672052E-01 -0.3707285E-01
   0.4199300E-01 -0.3885810E-01
   0.4783928E-01 -0.4067465E-01
   0.5435975E-01 -0.4248584E-01
   0.6170053E-01 -0.4430657E-01
   0.6999518E-01 -0.4619893E-01
   0.7930834E-01 -0.4816484E-01
   0.8984010E-01 -0.5007239E-01
   0.1017286     -0.5208382E-01
   0.1148455     -0.5414629E-01
   0.1289878     -0.5607566E-01
   0.1441713     -0.5790503E-01
   0.1600009     -0.5970010E-01
   0.1762039     -0.6126107E-01
   0.1925216     -0.6270861E-01
   0.2088679     -0.6401390E-01
   0.2252227     -0.6517212E-01
   0.2415770     -0.6619567E-01
   0.2579320     -0.6709829E-01
   0.2742941     -0.6787875E-01
   0.2906664     -0.6852289E-01
   0.3070444     -0.6901867E-01
   0.3234221     -0.6937230E-01
   0.3398007     -0.6959803E-01
   0.3561900     -0.6970449E-01
   0.3726017     -0.6968110E-01
   0.3890441     -0.6951347E-01
   0.4055268     -0.6919629E-01
   0.4220725     -0.6873952E-01
   0.4387287     -0.6815159E-01
   0.4555754     -0.6742734E-01
   0.4727197     -0.6654901E-01
   0.4901594     -0.6538805E-01
   0.5078010     -0.6390647E-01
   0.5255534     -0.6210147E-01
   0.5433526     -0.5997531E-01
   0.5611497     -0.5753262E-01
   0.5788993     -0.5478111E-01
   0.5965503     -0.5173467E-01
   0.6140724     -0.4843174E-01
   0.6316045     -0.4497995E-01
   0.6494633     -0.4131371E-01
   0.6678874     -0.3745093E-01
   0.6867519     -0.3331313E-01
   0.7062318     -0.2902885E-01
   0.7257155     -0.2474195E-01
   0.7445200     -0.2059775E-01
   0.7624483     -0.1678470E-01
   0.7798582     -0.1322756E-01
   0.7968499     -0.1004790E-01
   0.8133722     -0.7386442E-02
   0.8294828     -0.5068040E-02
   0.8450091     -0.3274451E-02
   0.8601433     -0.1989980E-02
   0.8749243     -0.1180105E-02
   0.8893183     -0.8043093E-03
   0.9033682     -0.9821721E-03
   0.9171135     -0.1528419E-02
   0.9303853     -0.2536922E-02
   0.9432936     -0.4027861E-02
   0.9558433     -0.5956952E-02
   0.9680029     -0.8276607E-02
   0.9797034     -0.1092745E-01
   0.9908536     -0.1383579E-01
    1.000000     -0.1650000E-01
