NASA SC(2)-0714 AIRFOIL
 180.00000  10.00000   1.00000   0.00000   1.00000   1.00000   0.00000   2.00000 
79
    0.000000    0.000063
    0.000102    0.002456
    0.000400    0.004865
    0.000905    0.007299
    0.001631    0.009753
    0.002596    0.012212
    0.003815    0.014645
    0.005302    0.017023
    0.007071    0.019328
    0.009126    0.021556
    0.011463    0.023703
    0.014089    0.025772
    0.017014    0.027778
    0.020242    0.029740
    0.023772    0.031672
    0.027636    0.033558
    0.031890    0.035376
    0.036608    0.037139
    0.041850    0.038910
    0.047660    0.040721
    0.054131    0.042527
    0.061413    0.044338
    0.069640    0.046220
    0.078876    0.048179
    0.089299    0.050079
    0.101076    0.052079
    0.114015    0.054082
    0.128183    0.055972
    0.143335    0.057803
    0.159223    0.059618
    0.175621    0.061209
    0.192318    0.062692
    0.209297    0.064046
    0.226514    0.065193
    0.243979    0.066208
    0.261748    0.067091
    0.279448    0.067878
    0.297209    0.068522
    0.315205    0.069065
    0.333116    0.069465
    0.351217    0.069710
    0.369660    0.069898
    0.388282    0.069898
    0.406973    0.069835
    0.425881    0.069639
    0.444690    0.069415
    0.463551    0.069036
    0.482330    0.068527
    0.501128    0.067960
    0.519903    0.067204
    0.538551    0.066375
    0.557163    0.065450
    0.575540    0.064363
    0.593610    0.063254
    0.611364    0.061997
    0.629075    0.060572
    0.646454    0.059123
    0.663474    0.057560
    0.680293    0.055869
    0.697024    0.054035
    0.713757    0.052053
    0.730583    0.049924
    0.747556    0.047655
    0.764605    0.045116
    0.781695    0.042429
    0.798903    0.039593
    0.816222    0.036485
    0.833538    0.033197
    0.850880    0.029721
    0.868121    0.026014
    0.885284    0.022198
    0.902243    0.018144
    0.918910    0.013976
    0.935116    0.009730
    0.950620    0.005422
    0.965183    0.001202
    0.978578   -0.002767
    0.990652   -0.006506
    1.000000   -0.009500
82
    0.000000    0.000063
    0.000092   -0.002332
    0.000381   -0.004746
    0.000877   -0.007187
    0.001597   -0.009653
    0.002558   -0.012126
    0.003775   -0.014573
    0.005261   -0.016965
    0.007033   -0.019281
    0.009092   -0.021521
    0.011433   -0.023681
    0.014062   -0.025763
    0.016990   -0.027775
    0.020226   -0.029729
    0.023776   -0.031635
    0.027673   -0.033493
    0.031967   -0.035299
    0.036721   -0.037073
    0.041993   -0.038858
    0.047839   -0.040675
    0.054360   -0.042486
    0.061701   -0.044307
    0.069995   -0.046199
    0.079308   -0.048165
    0.089840   -0.050072
    0.101729   -0.052084
    0.114846   -0.054146
    0.128988   -0.056076
    0.144171   -0.057905
    0.160001   -0.059700
    0.176204   -0.061261
    0.192522   -0.062709
    0.208868   -0.064014
    0.225223   -0.065172
    0.241577   -0.066196
    0.257932   -0.067098
    0.274294   -0.067879
    0.290666   -0.068523
    0.307044   -0.069019
    0.323422   -0.069372
    0.339801   -0.069598
    0.356190   -0.069704
    0.372602   -0.069681
    0.389044   -0.069513
    0.405527   -0.069196
    0.422073   -0.068740
    0.438729   -0.068152
    0.455575   -0.067427
    0.472720   -0.066549
    0.490159   -0.065388
    0.507801   -0.063906
    0.525553   -0.062101
    0.543353   -0.059975
    0.561150   -0.057533
    0.578899   -0.054781
    0.596550   -0.051735
    0.614072   -0.048432
    0.631605   -0.044980
    0.649463   -0.041314
    0.667887   -0.037451
    0.686752   -0.033313
    0.706232   -0.029029
    0.725715   -0.024742
    0.744520   -0.020598
    0.762448   -0.016785
    0.779858   -0.013228
    0.796850   -0.010048
    0.813372   -0.007386
    0.829483   -0.005068
    0.845009   -0.003274
    0.860143   -0.001990
    0.874924   -0.001180
    0.889318   -0.000804
    0.903368   -0.000982
    0.917114   -0.001528
    0.930385   -0.002537
    0.943294   -0.004028
    0.955843   -0.005957
    0.968003   -0.008277
    0.979703   -0.010927
    0.990854   -0.013836
    1.000000   -0.016500
100
    0.000000
    0.000252
    0.001007
    0.002264
    0.004023
    0.006281
    0.009036
    0.012285
    0.016026
    0.020254
    0.024964
    0.030154
    0.035816
    0.041946
    0.048537
    0.055582
    0.063075
    0.071008
    0.079373
    0.088162
    0.097365
    0.106973
    0.116978
    0.127368
    0.138133
    0.149263
    0.160745
    0.172570
    0.184724
    0.197195
    0.209972
    0.223040
    0.236387
    0.250000
    0.263864
    0.277967
    0.292292
    0.306827
    0.321557
    0.336466
    0.351540
    0.366763
    0.382121
    0.397597
    0.413176
    0.428843
    0.444581
    0.460375
    0.476209
    0.492067
    0.507933
    0.523791
    0.539625
    0.555419
    0.571157
    0.586824
    0.602403
    0.617879
    0.633237
    0.648460
    0.663534
    0.678443
    0.693173
    0.707708
    0.722033
    0.736136
    0.750000
    0.763613
    0.776960
    0.790028
    0.802805
    0.815276
    0.827430
    0.839255
    0.850737
    0.861867
    0.872632
    0.883022
    0.893027
    0.902635
    0.911838
    0.920627
    0.928992
    0.936925
    0.944418
    0.951463
    0.958054
    0.964184
    0.969846
    0.975036
    0.979746
    0.983974
    0.987715
    0.990964
    0.993719
    0.995977
    0.997736
    0.998993
    0.999748
    1.000000 
  1.         
