SE2A Root Airfoil
 180.00000  10.00000   1.00000   0.00000   1.00000   1.00000   1.00000   2.00000 
122
    0.000000    0.001200
    0.000200    0.002100
    0.000400    0.003000
    0.000700    0.003800
    0.001100    0.004700
    0.001500    0.005600
    0.002100    0.006500
    0.002700    0.007300
    0.003300    0.008200
    0.004100    0.009100
    0.004900    0.010000
    0.005800    0.010800
    0.006800    0.011700
    0.007800    0.012600
    0.008900    0.013500
    0.010100    0.014400
    0.011400    0.015200
    0.012700    0.016100
    0.014100    0.017000
    0.015600    0.017900
    0.017200    0.018700
    0.018800    0.019600
    0.020500    0.020500
    0.022200    0.021400
    0.024100    0.022200
    0.026000    0.023100
    0.027900    0.024000
    0.030000    0.024900
    0.032100    0.025700
    0.034200    0.026600
    0.036400    0.027500
    0.038700    0.028400
    0.041100    0.029300
    0.043500    0.030100
    0.053100    0.033400
    0.063200    0.036600
    0.073400    0.039700
    0.083900    0.042600
    0.094500    0.045400
    0.105300    0.048200
    0.116100    0.050800
    0.126900    0.053400
    0.137800    0.055900
    0.148800    0.058300
    0.159800    0.060600
    0.170800    0.062900
    0.181800    0.065200
    0.192800    0.067300
    0.203900    0.069400
    0.215000    0.071400
    0.226000    0.073400
    0.237100    0.075300
    0.248200    0.077100
    0.259300    0.078900
    0.270400    0.080500
    0.281500    0.082100
    0.292600    0.083700
    0.303700    0.085100
    0.314800    0.086500
    0.325900    0.087800
    0.337000    0.088900
    0.348100    0.090000
    0.359200    0.091100
    0.370300    0.092000
    0.381400    0.092800
    0.392500    0.093500
    0.403600    0.094100
    0.414700    0.094600
    0.425800    0.095100
    0.436900    0.095400
    0.447900    0.095600
    0.459000    0.095700
    0.470100    0.095700
    0.481200    0.095500
    0.492200    0.095300
    0.503300    0.095000
    0.514400    0.094500
    0.525400    0.093900
    0.536500    0.093300
    0.547500    0.092500
    0.558600    0.091600
    0.569600    0.090600
    0.580600    0.089500
    0.591700    0.088200
    0.602700    0.086900
    0.613700    0.085500
    0.624700    0.083900
    0.635700    0.082300
    0.646700    0.080600
    0.657700    0.078800
    0.668700    0.076800
    0.679700    0.074800
    0.690600    0.072700
    0.701600    0.070600
    0.712600    0.068300
    0.723600    0.066000
    0.734600    0.063600
    0.745600    0.061100
    0.756600    0.058600
    0.767600    0.056000
    0.778600    0.053300
    0.789600    0.050600
    0.800600    0.047900
    0.811700    0.045100
    0.822700    0.042300
    0.833800    0.039400
    0.844900    0.036600
    0.856000    0.033700
    0.867200    0.030800
    0.878300    0.028000
    0.889300    0.025200
    0.900400    0.022400
    0.911400    0.019600
    0.922400    0.016900
    0.933400    0.014300
    0.944300    0.011700
    0.955200    0.009200
    0.966100    0.006800
    0.976700    0.004600
    0.986800    0.002500
    0.995400    0.000900
    1.000000    0.000000
105
    0.000000    0.001200
    0.000000    0.000300
    0.000100   -0.000600
    0.000400   -0.001400
    0.001100   -0.002300
    0.002200   -0.003200
    0.003500   -0.004100
    0.005300   -0.004900
    0.007300   -0.005800
    0.009700   -0.006700
    0.012500   -0.007600
    0.015600   -0.008400
    0.019100   -0.009300
    0.023100   -0.010200
    0.027400   -0.011100
    0.032100   -0.012000
    0.037300   -0.012800
    0.043000   -0.013700
    0.053400   -0.015100
    0.064100   -0.016500
    0.075000   -0.017700
    0.086100   -0.018800
    0.097300   -0.019800
    0.108500   -0.020800
    0.119800   -0.021700
    0.131100   -0.022600
    0.142500   -0.023400
    0.153900   -0.024300
    0.165300   -0.025100
    0.176800   -0.025900
    0.188300   -0.026700
    0.199700   -0.027500
    0.211200   -0.028400
    0.222600   -0.029200
    0.234100   -0.030100
    0.245500   -0.030900
    0.256900   -0.031800
    0.268300   -0.032700
    0.279800   -0.033600
    0.291200   -0.034500
    0.302600   -0.035400
    0.314100   -0.036300
    0.325500   -0.037300
    0.337000   -0.038200
    0.348400   -0.039100
    0.359900   -0.040100
    0.371300   -0.041000
    0.382700   -0.041900
    0.394100   -0.042800
    0.405500   -0.043700
    0.416900   -0.044500
    0.428200   -0.045300
    0.439500   -0.046100
    0.450900   -0.046800
    0.462100   -0.047500
    0.473400   -0.048100
    0.484700   -0.048700
    0.495900   -0.049200
    0.507100   -0.049600
    0.518300   -0.049900
    0.529500   -0.050200
    0.540600   -0.050400
    0.551800   -0.050400
    0.562900   -0.050400
    0.574000   -0.050300
    0.585100   -0.050100
    0.596200   -0.049800
    0.607300   -0.049300
    0.618300   -0.048800
    0.629300   -0.048100
    0.640400   -0.047300
    0.651400   -0.046500
    0.662400   -0.045500
    0.673400   -0.044300
    0.684400   -0.043100
    0.695400   -0.041800
    0.706400   -0.040300
    0.717400   -0.038700
    0.728400   -0.037100
    0.739400   -0.035300
    0.750400   -0.033500
    0.761400   -0.031500
    0.772500   -0.029500
    0.783600   -0.027400
    0.794700   -0.025200
    0.805800   -0.023000
    0.817000   -0.020800
    0.828300   -0.018500
    0.839500   -0.016300
    0.850600   -0.014100
    0.861700   -0.011900
    0.872700   -0.009900
    0.883700   -0.007900
    0.894600   -0.006000
    0.905300   -0.004300
    0.916000   -0.002800
    0.926700   -0.001500
    0.937200   -0.000400
    0.947600    0.000500
    0.957900    0.001000
    0.968000    0.001300
    0.977900    0.001300
    0.987200    0.001000
    0.995500    0.000400
    1.000000    0.000000
100
    0.000000
    0.000252
    0.001007
    0.002264
    0.004023
    0.006281
    0.009036
    0.012285
    0.016026
    0.020254
    0.024964
    0.030154
    0.035816
    0.041946
    0.048537
    0.055582
    0.063075
    0.071008
    0.079373
    0.088162
    0.097365
    0.106973
    0.116978
    0.127368
    0.138133
    0.149263
    0.160745
    0.172570
    0.184724
    0.197195
    0.209972
    0.223040
    0.236387
    0.250000
    0.263864
    0.277967
    0.292292
    0.306827
    0.321557
    0.336466
    0.351540
    0.366763
    0.382121
    0.397597
    0.413176
    0.428843
    0.444581
    0.460375
    0.476209
    0.492067
    0.507933
    0.523791
    0.539625
    0.555419
    0.571157
    0.586824
    0.602403
    0.617879
    0.633237
    0.648460
    0.663534
    0.678443
    0.693173
    0.707708
    0.722033
    0.736136
    0.750000
    0.763613
    0.776960
    0.790028
    0.802805
    0.815276
    0.827430
    0.839255
    0.850737
    0.861867
    0.872632
    0.883022
    0.893027
    0.902635
    0.911838
    0.920627
    0.928992
    0.936925
    0.944418
    0.951463
    0.958054
    0.964184
    0.969846
    0.975036
    0.979746
    0.983974
    0.987715
    0.990964
    0.993719
    0.995977
    0.997736
    0.998993
    0.999748
    1.000000 
  1.         
