USA 22 AIRFOIL
  80.00000  10.00000   1.00000   0.00000   1.00000   1.00000   1.00000   2.00000 
17
    0.000000    0.000000
    0.012250    0.017180
    0.024600    0.027360
    0.049370    0.043720
    0.074200    0.055280
    0.099070    0.064440
    0.148900    0.076160
    0.198800    0.082880
    0.298730    0.087330
    0.398800    0.082780
    0.498920    0.074230
    0.599090    0.062690
    0.699290    0.049140
    0.799500    0.034590
    0.899740    0.018050
    0.949860    0.009770
    1.000000    0.000500
17
    0.000000    0.000000
    0.012620   -0.008320
    0.025160   -0.011140
    0.050190   -0.012770
    0.075190   -0.013410
    0.100200   -0.013550
    0.150160   -0.011320
    0.200120   -0.008100
    0.299990    0.000850
    0.399920    0.005800
    0.499920    0.005250
    0.599930    0.004700
    0.699940    0.004150
    0.799960    0.002600
    0.899980    0.001050
    0.950000   -0.000020
    1.000000   -0.000500
100
    0.000000
    0.000252
    0.001007
    0.002264
    0.004023
    0.006281
    0.009036
    0.012285
    0.016026
    0.020254
    0.024964
    0.030154
    0.035816
    0.041946
    0.048537
    0.055582
    0.063075
    0.071008
    0.079373
    0.088162
    0.097365
    0.106973
    0.116978
    0.127368
    0.138133
    0.149263
    0.160745
    0.172570
    0.184724
    0.197195
    0.209972
    0.223040
    0.236387
    0.250000
    0.263864
    0.277967
    0.292292
    0.306827
    0.321557
    0.336466
    0.351540
    0.366763
    0.382121
    0.397597
    0.413176
    0.428843
    0.444581
    0.460375
    0.476209
    0.492067
    0.507933
    0.523791
    0.539625
    0.555419
    0.571157
    0.586824
    0.602403
    0.617879
    0.633237
    0.648460
    0.663534
    0.678443
    0.693173
    0.707708
    0.722033
    0.736136
    0.750000
    0.763613
    0.776960
    0.790028
    0.802805
    0.815276
    0.827430
    0.839255
    0.850737
    0.861867
    0.872632
    0.883022
    0.893027
    0.902635
    0.911838
    0.920627
    0.928992
    0.936925
    0.944418
    0.951463
    0.958054
    0.964184
    0.969846
    0.975036
    0.979746
    0.983974
    0.987715
    0.990964
    0.993719
    0.995977
    0.997736
    0.998993
    0.999748
    1.000000 
  1.         
