NACA 65(2)-415
  80.00000  10.00000   1.00000   0.00000   1.00000   1.00000   1.00000   2.00000 
81
   -0.000208    0.002334
   -0.000078    0.004152
    0.000289    0.006012
    0.000897    0.007909
    0.001759    0.009828
    0.002895    0.011741
    0.004326    0.013604
    0.006065    0.015451
    0.008134    0.017348
    0.010576    0.019320
    0.013451    0.021400
    0.016870    0.023624
    0.020977    0.026051
    0.025940    0.028771
    0.031945    0.031837
    0.039108    0.035216
    0.047385    0.038803
    0.056773    0.042534
    0.067427    0.046420
    0.079339    0.050425
    0.092180    0.054414
    0.105599    0.058263
    0.119448    0.061930
    0.133640    0.065399
    0.148099    0.068666
    0.162775    0.071737
    0.177634    0.074615
    0.192644    0.077304
    0.207772    0.079810
    0.222990    0.082135
    0.238275    0.084279
    0.253617    0.086244
    0.269011    0.088032
    0.284454    0.089649
    0.299946    0.091096
    0.315485    0.092377
    0.331061    0.093494
    0.346652    0.094446
    0.362223    0.095233
    0.377742    0.095847
    0.393192    0.096277
    0.408574    0.096515
    0.423901    0.096556
    0.439190    0.096395
    0.454460    0.096029
    0.469727    0.095454
    0.485007    0.094673
    0.500307    0.093688
    0.515626    0.092503
    0.530968    0.091122
    0.546344    0.089549
    0.561775    0.087787
    0.577282    0.085844
    0.592871    0.083730
    0.608525    0.081462
    0.624212    0.079051
    0.639914    0.076505
    0.655640    0.073827
    0.671419    0.071018
    0.687271    0.068085
    0.703186    0.065043
    0.719126    0.061910
    0.735058    0.058692
    0.750984    0.055389
    0.766935    0.051996
    0.782953    0.048516
    0.799060    0.044960
    0.815246    0.041341
    0.831483    0.037674
    0.847719    0.033973
    0.863895    0.030255
    0.879976    0.026544
    0.895998    0.022853
    0.912069    0.019174
    0.928179    0.015525
    0.943862    0.012023
    0.958378    0.008834
    0.971253    0.006053
    0.982502    0.003659
    0.992364    0.001587
    1.000000    0.000000
80
   -0.000208    0.002334
   -0.000092    0.000559
    0.000289   -0.001177
    0.000938   -0.002887
    0.001857   -0.004587
    0.003057   -0.006285
    0.004553   -0.007982
    0.006357   -0.009658
    0.008457   -0.011263
    0.010891   -0.012773
    0.013756   -0.014228
    0.017123   -0.015688
    0.021103   -0.017198
    0.025871   -0.018793
    0.031642   -0.020543
    0.038653   -0.022492
    0.047042   -0.024605
    0.056764   -0.026808
    0.067891   -0.029074
    0.080509   -0.031397
    0.094297   -0.033717
    0.108738   -0.035923
    0.123609   -0.037975
    0.138835   -0.039878
    0.154325   -0.041642
    0.169983   -0.043277
    0.185730   -0.044780
    0.201526   -0.046150
    0.217371   -0.047392
    0.233282   -0.048512
    0.249256   -0.049518
    0.265274   -0.050414
    0.281310   -0.051200
    0.297349   -0.051877
    0.313393   -0.052444
    0.329447   -0.052901
    0.345503   -0.053249
    0.361531   -0.053487
    0.377494   -0.053608
    0.393375   -0.053602
    0.409178   -0.053457
    0.424926   -0.053166
    0.440634   -0.052725
    0.456312   -0.052129
    0.471960   -0.051375
    0.487588   -0.050461
    0.503217   -0.049385
    0.518882   -0.048146
    0.534614   -0.046752
    0.550438   -0.045212
    0.566368   -0.043538
    0.582404   -0.041742
    0.598532   -0.039842
    0.614720   -0.037854
    0.630942   -0.035790
    0.647198   -0.033653
    0.663524   -0.031444
    0.679959   -0.029173
    0.696505   -0.026857
    0.713124   -0.024519
    0.729759   -0.022178
    0.746367   -0.019845
    0.762929   -0.017532
    0.779430   -0.015251
    0.795838   -0.013020
    0.812102   -0.010859
    0.828183   -0.008794
    0.844101   -0.006846
    0.859923   -0.005028
    0.875711   -0.003341
    0.891411   -0.001791
    0.906845   -0.000395
    0.921758    0.000772
    0.935906    0.001605
    0.949118    0.002051
    0.961322    0.002113
    0.972539    0.001861
    0.982846    0.001370
    0.992343    0.000697
    1.000000    0.000000
100
    0.000000
    0.000252
    0.001007
    0.002264
    0.004023
    0.006281
    0.009036
    0.012285
    0.016026
    0.020254
    0.024964
    0.030154
    0.035816
    0.041946
    0.048537
    0.055582
    0.063075
    0.071008
    0.079373
    0.088162
    0.097365
    0.106973
    0.116978
    0.127368
    0.138133
    0.149263
    0.160745
    0.172570
    0.184724
    0.197195
    0.209972
    0.223040
    0.236387
    0.250000
    0.263864
    0.277967
    0.292292
    0.306827
    0.321557
    0.336466
    0.351540
    0.366763
    0.382121
    0.397597
    0.413176
    0.428843
    0.444581
    0.460375
    0.476209
    0.492067
    0.507933
    0.523791
    0.539625
    0.555419
    0.571157
    0.586824
    0.602403
    0.617879
    0.633237
    0.648460
    0.663534
    0.678443
    0.693173
    0.707708
    0.722033
    0.736136
    0.750000
    0.763613
    0.776960
    0.790028
    0.802805
    0.815276
    0.827430
    0.839255
    0.850737
    0.861867
    0.872632
    0.883022
    0.893027
    0.902635
    0.911838
    0.920627
    0.928992
    0.936925
    0.944418
    0.951463
    0.958054
    0.964184
    0.969846
    0.975036
    0.979746
    0.983974
    0.987715
    0.990964
    0.993719
    0.995977
    0.997736
    0.998993
    0.999748
    1.000000 
  1.         
